./data/OUTPUT/SCHOOL/west_asheville_updated//./data/INPUT/IMGs/SCHOOL/west_asheville_updated.png
accuracy_bc = 0.835971179326 +- 0.170289019155
accuracy_bc_pixels = 0.886838796827
accuracy_fc = 0.826590808623 +- 0.0191219570353
accuracy_fc_pixels = 0.878352622484

