./data/OUTPUT/PARZIALI/sidneyriver_updated240//./data/INPUT/IMGs/PARZIALI/sidneyriver_updated240.png
n_configurazione = 23
perc_mappa_bwd = 85.7826807067%
perc_mappa_fwd = 66.6484294181%
perc_GT_bwd = 83.633133264%
perc_GT_fwd = 64.978349166%

------------------------
 informazioni stanza parziale
id_della_stanza_XML_GT = 6e467329-6d5b-4523-8454-193af31cf93d
id_della_stanza_XML_predizione = bc1dc0f1-6b33-11e8-9773-080027eeca92
area_predetta = 6517.51537038
area_vera= 13717.1140473
area_vera_esplorata = 20221.8171947
percentuale_area_vera_esplorata = 147.420347494
percentuale_area_totale_ambiente_esplorata_bwd = 83.633133264
percentuale_area_totale_ambiente_esplorata_fwd = 64.978349166
percentuale_matching_mappa_bwd = 85.7826807067
percentuale_matching_mappa_fwd = 66.6484294181
area_intersezione_tra_stanza_originale_e_stanza_predetta = 13583.0670368
area_unione_tra_stanza_originale_e_stanza_predetta = 26873.3795756
IoU = 0.505446923734
area_stanza_GT_esplorata = 0.919583555204
area_mappa_GT_intersezione_contorno = 0.800329984502
IoU filtrato dal contorno = 0.146894155632
tocco bordo = False
IoU_filtrata_2 = 0.911280617249
