./data/OUTPUT/PARZIALI/sidneyriver_updated240//./data/INPUT/IMGs/PARZIALI/sidneyriver_updated240.png
n_configurazione = 66
perc_mappa_bwd = 88.892638165%
perc_mappa_fwd = 69.4074658881%
perc_GT_bwd = 76.2745485372%
perc_GT_fwd = 59.5552481624%

------------------------
 informazioni stanza parziale
id_della_stanza_XML_GT = 6e467329-6d5b-4523-8454-193af31cf93d
id_della_stanza_XML_predizione = bc1dc0f1-6b33-11e8-9773-080027eeca92
area_predetta = 6517.51537038
area_vera= 15585.7481069
area_vera_esplorata = 20221.8171947
percentuale_area_vera_esplorata = 129.74556663
percentuale_area_totale_ambiente_esplorata_bwd = 76.2745485372
percentuale_area_totale_ambiente_esplorata_fwd = 59.5552481624
percentuale_matching_mappa_bwd = 88.892638165
percentuale_matching_mappa_fwd = 69.4074658881
area_intersezione_tra_stanza_originale_e_stanza_predetta = 13240.2648125
area_unione_tra_stanza_originale_e_stanza_predetta = 29084.8158594
IoU = 0.45522945294
area_stanza_GT_esplorata = 0.78495105696
area_mappa_GT_intersezione_contorno = 0.70953217135
IoU filtrato dal contorno = 0.114235457172
tocco bordo = False
IoU_filtrata_2 = 0.799309732649
