./data/OUTPUT/PARZIALI/south_mountain_school_2_updated200//./data/INPUT/IMGs/PARZIALI/south_mountain_school_2_updated200.png
n_configurazione = 6
perc_mappa_bwd = 90.2829565014%
perc_mappa_fwd = 76.9683298343%
perc_GT_bwd = 87.8890300923%
perc_GT_fwd = 74.9274516376%

------------------------
 informazioni stanza parziale
id_della_stanza_XML_GT = 919b6985-f1b0-4b60-855a-750ffeb7273b
id_della_stanza_XML_predizione = fec16c00-7df9-11e8-95a4-080027eeca92
area_predetta = 5257.90081184
area_vera= 28689.1132929
area_vera_esplorata = 44909.4802629
percentuale_area_vera_esplorata = 156.538404671
percentuale_area_totale_ambiente_esplorata_bwd = 87.8890300923
percentuale_area_totale_ambiente_esplorata_fwd = 74.9274516376
percentuale_matching_mappa_bwd = 90.2829565014
percentuale_matching_mappa_fwd = 76.9683298343
area_intersezione_tra_stanza_originale_e_stanza_predetta = 22772.2313401
area_unione_tra_stanza_originale_e_stanza_predetta = 56084.2630275
IoU = 0.406036027056
area_stanza_GT_esplorata = 0.843445680758
area_mappa_GT_intersezione_contorno = 0.858612329993
IoU filtrato dal contorno = 0.0713341825228
tocco bordo = False
IoU_filtrata_2 = 0.783076741394
------------------------
 informazioni stanza parziale
id_della_stanza_XML_GT = 61134256-8252-41ee-9035-1436fdd5b61e
id_della_stanza_XML_predizione = fec16c02-7df9-11e8-95a4-080027eeca92
area_predetta = 4612.65734589
area_vera= 55069.0096061
area_vera_esplorata = 48414.1776575
percentuale_area_vera_esplorata = 87.9154682531
percentuale_area_totale_ambiente_esplorata_bwd = 87.8890300923
percentuale_area_totale_ambiente_esplorata_fwd = 74.9274516376
percentuale_matching_mappa_bwd = 90.2829565014
percentuale_matching_mappa_fwd = 76.9683298343
area_intersezione_tra_stanza_originale_e_stanza_predetta = 48515.5148862
area_unione_tra_stanza_originale_e_stanza_predetta = 59580.3297233
IoU = 0.814287452108
area_stanza_GT_esplorata = 0.881832516787
area_mappa_GT_intersezione_contorno = 0.858612329993
IoU filtrato dal contorno = 0.302893692335
tocco bordo = False
IoU_filtrata_2 = 0.870233336735
