./data/OUTPUT/PARZIALI/south_mountain_school_2_updated200//./data/INPUT/IMGs/PARZIALI/south_mountain_school_2_updated200.png
n_configurazione = 19
perc_mappa_bwd = 92.5102033285%
perc_mappa_fwd = 78.6492106335%
perc_GT_bwd = 93.516880294%
perc_GT_fwd = 79.5050551333%

------------------------
 informazioni stanza parziale
id_della_stanza_XML_GT = 919b6985-f1b0-4b60-855a-750ffeb7273b
id_della_stanza_XML_predizione = fec16c00-7df9-11e8-95a4-080027eeca92
area_predetta = 5257.90081184
area_vera= 27627.7584242
area_vera_esplorata = 44909.4802629
percentuale_area_vera_esplorata = 162.552023126
percentuale_area_totale_ambiente_esplorata_bwd = 93.516880294
percentuale_area_totale_ambiente_esplorata_fwd = 79.5050551333
percentuale_matching_mappa_bwd = 92.5102033285
percentuale_matching_mappa_fwd = 78.6492106335
area_intersezione_tra_stanza_originale_e_stanza_predetta = 23235.9655344
area_unione_tra_stanza_originale_e_stanza_predetta = 54559.1739645
IoU = 0.425885581581
area_stanza_GT_esplorata = 0.894253943072
area_mappa_GT_intersezione_contorno = 0.890165824881
IoU filtrato dal contorno = 0.090469226347
tocco bordo = False
IoU_filtrata_2 = 0.824646868031
------------------------
 informazioni stanza parziale
id_della_stanza_XML_GT = 61134256-8252-41ee-9035-1436fdd5b61e
id_della_stanza_XML_predizione = fec16c02-7df9-11e8-95a4-080027eeca92
area_predetta = 4612.65734589
area_vera= 53031.7294412
area_vera_esplorata = 48414.1776575
percentuale_area_vera_esplorata = 91.2928508418
percentuale_area_totale_ambiente_esplorata_bwd = 93.516880294
percentuale_area_totale_ambiente_esplorata_fwd = 79.5050551333
percentuale_matching_mappa_bwd = 92.5102033285
percentuale_matching_mappa_fwd = 78.6492106335
area_intersezione_tra_stanza_originale_e_stanza_predetta = 49746.2931188
area_unione_tra_stanza_originale_e_stanza_predetta = 56312.2713258
IoU = 0.88340057944
area_stanza_GT_esplorata = 0.921797757633
area_mappa_GT_intersezione_contorno = 0.890165824881
IoU filtrato dal contorno = 0.657208422901
tocco bordo = False
IoU_filtrata_2 = 0.937095994293
