./data/OUTPUT/PARZIALI/plans2_updated60//./data/INPUT/IMGs/PARZIALI/plans2_updated60.png
n_configurazione = 23
perc_mappa_bwd = 95.0736861659%
perc_mappa_fwd = 83.728821821%
perc_GT_bwd = 75.5681026812%
perc_GT_fwd = 66.5507824499%

------------------------
 informazioni stanza parziale
id_della_stanza_XML_GT = 096621fb-2202-43ca-bd6c-38e97b8909db
id_della_stanza_XML_predizione = 135e3248-8452-11e8-ba2d-080027eeca92
area_predetta = 7300.96224358
area_vera= 12365.6446516
area_vera_esplorata = 4058.343434
percentuale_area_vera_esplorata = 32.8195055602
percentuale_area_totale_ambiente_esplorata_bwd = 75.5681026812
percentuale_area_totale_ambiente_esplorata_fwd = 66.5507824499
percentuale_matching_mappa_bwd = 95.0736861659
percentuale_matching_mappa_fwd = 83.728821821
area_intersezione_tra_stanza_originale_e_stanza_predetta = 10548.6382331
area_unione_tra_stanza_originale_e_stanza_predetta = 13176.3120961
IoU = 0.800575924146
area_stanza_GT_esplorata = 0.362748089865
area_mappa_GT_intersezione_contorno = 0.56598165938
IoU filtrato dal contorno = 0.746813150545
tocco bordo = False
IoU_filtrata_2 = 0.800575924146
------------------------
 informazioni stanza parziale
id_della_stanza_XML_GT = 97c6b11a-d61a-43f5-b1ff-fe83814d38ec
id_della_stanza_XML_predizione = 135e323c-8452-11e8-ba2d-080027eeca92
area_predetta = 55638.098676
area_vera= 123782.75784
area_vera_esplorata = 50954.4415549
percentuale_area_vera_esplorata = 41.1644096837
percentuale_area_totale_ambiente_esplorata_bwd = 75.5681026812
percentuale_area_totale_ambiente_esplorata_fwd = 66.5507824499
percentuale_matching_mappa_bwd = 95.0736861659
percentuale_matching_mappa_fwd = 83.728821821
area_intersezione_tra_stanza_originale_e_stanza_predetta = 103589.308811
area_unione_tra_stanza_originale_e_stanza_predetta = 126785.98926
IoU = 0.817040663686
area_stanza_GT_esplorata = 0.405627495297
area_mappa_GT_intersezione_contorno = 0.56598165938
IoU filtrato dal contorno = 0.703923636045
tocco bordo = False
IoU_filtrata_2 = 0.828257079547
------------------------
 informazioni stanza parziale
id_della_stanza_XML_GT = 92f3122f-b1fa-4626-ae60-4f2cd3508cdc
id_della_stanza_XML_predizione = 135e3240-8452-11e8-ba2d-080027eeca92
area_predetta = 11078.0137308
area_vera= 24652.9295008
area_vera_esplorata = 5613.59385743
percentuale_area_vera_esplorata = 22.7704940999
percentuale_area_totale_ambiente_esplorata_bwd = 75.5681026812
percentuale_area_totale_ambiente_esplorata_fwd = 66.5507824499
percentuale_matching_mappa_bwd = 95.0736861659
percentuale_matching_mappa_fwd = 83.728821821
area_intersezione_tra_stanza_originale_e_stanza_predetta = 14644.6163249
area_unione_tra_stanza_originale_e_stanza_predetta = 26699.9207641
IoU = 0.54848913052
area_stanza_GT_esplorata = 0.216112437042
area_mappa_GT_intersezione_contorno = 0.56598165938
IoU filtrato dal contorno = 0.444176752167
tocco bordo = False
IoU_filtrata_2 = 0.593577318601
