./data/OUTPUT/PARZIALI/plans2_updated60//./data/INPUT/IMGs/PARZIALI/plans2_updated60.png
n_configurazione = 21
perc_mappa_bwd = 96.668528189%
perc_mappa_fwd = 84.4974845824%
perc_GT_bwd = 74.345421966%
perc_GT_fwd = 64.9849673314%

------------------------
 informazioni stanza parziale
id_della_stanza_XML_GT = 096621fb-2202-43ca-bd6c-38e97b8909db
id_della_stanza_XML_predizione = 135e3248-8452-11e8-ba2d-080027eeca92
area_predetta = 7300.96224358
area_vera= 12779.8519745
area_vera_esplorata = 4058.343434
percentuale_area_vera_esplorata = 31.7557937454
percentuale_area_totale_ambiente_esplorata_bwd = 74.345421966
percentuale_area_totale_ambiente_esplorata_fwd = 64.9849673314
percentuale_matching_mappa_bwd = 96.668528189
percentuale_matching_mappa_fwd = 84.4974845824
area_intersezione_tra_stanza_originale_e_stanza_predetta = 11083.1853008
area_unione_tra_stanza_originale_e_stanza_predetta = 13055.9723513
IoU = 0.848897730677
area_stanza_GT_esplorata = 0.331991494494
area_mappa_GT_intersezione_contorno = 0.557014755272
IoU filtrato dal contorno = 0.806890689534
tocco bordo = False
IoU_filtrata_2 = 0.851434485133
------------------------
 informazioni stanza parziale
id_della_stanza_XML_GT = 97c6b11a-d61a-43f5-b1ff-fe83814d38ec
id_della_stanza_XML_predizione = 135e323c-8452-11e8-ba2d-080027eeca92
area_predetta = 55638.098676
area_vera= 127929.062071
area_vera_esplorata = 50954.4415549
percentuale_area_vera_esplorata = 39.8302314814
percentuale_area_totale_ambiente_esplorata_bwd = 74.345421966
percentuale_area_totale_ambiente_esplorata_fwd = 64.9849673314
percentuale_matching_mappa_bwd = 96.668528189
percentuale_matching_mappa_fwd = 84.4974845824
area_intersezione_tra_stanza_originale_e_stanza_predetta = 104802.518164
area_unione_tra_stanza_originale_e_stanza_predetta = 129719.084138
IoU = 0.807919041837
area_stanza_GT_esplorata = 0.396227737092
area_mappa_GT_intersezione_contorno = 0.557014755272
IoU filtrato dal contorno = 0.687027498852
tocco bordo = False
IoU_filtrata_2 = 0.812642790134
------------------------
 informazioni stanza parziale
id_della_stanza_XML_GT = 92f3122f-b1fa-4626-ae60-4f2cd3508cdc
id_della_stanza_XML_predizione = 135e3240-8452-11e8-ba2d-080027eeca92
area_predetta = 11078.0137308
area_vera= 25478.7193579
area_vera_esplorata = 5613.59385743
percentuale_area_vera_esplorata = 22.0324804343
percentuale_area_totale_ambiente_esplorata_bwd = 74.345421966
percentuale_area_totale_ambiente_esplorata_fwd = 64.9849673314
percentuale_matching_mappa_bwd = 96.668528189
percentuale_matching_mappa_fwd = 84.4974845824
area_intersezione_tra_stanza_originale_e_stanza_predetta = 14737.2166771
area_unione_tra_stanza_originale_e_stanza_predetta = 27433.110269
IoU = 0.537205462034
area_stanza_GT_esplorata = 0.213517787827
area_mappa_GT_intersezione_contorno = 0.557014755272
IoU filtrato dal contorno = 0.428321169103
tocco bordo = False
IoU_filtrata_2 = 0.577973128437
