./data/OUTPUT/PARZIALI/scuola_sconosciuta_3_updated110//./data/INPUT/IMGs/PARZIALI/scuola_sconosciuta_3_updated110.png
n_configurazione = 4
perc_mappa_bwd = 89.2213408846%
perc_mappa_fwd = 89.2574759801%
perc_GT_bwd = 86.3966161571%
perc_GT_fwd = 86.4316072247%

------------------------
 informazioni stanza parziale
id_della_stanza_XML_GT = a7b82e09-29d1-49c1-8aa0-1647c741baf2
id_della_stanza_XML_predizione = 31397f11-6b00-11e8-9773-080027eeca92
area_predetta = 1276.14723426
area_vera= 11943.4877523
area_vera_esplorata = 10438.1751363
percentuale_area_vera_esplorata = 87.3963732606
percentuale_area_totale_ambiente_esplorata_bwd = 86.3966161571
percentuale_area_totale_ambiente_esplorata_fwd = 86.4316072247
percentuale_matching_mappa_bwd = 89.2213408846
percentuale_matching_mappa_fwd = 89.2574759801
area_intersezione_tra_stanza_originale_e_stanza_predetta = 10936.3964123
area_unione_tra_stanza_originale_e_stanza_predetta = 12721.4137105
IoU = 0.859684046226
area_stanza_GT_esplorata = 0.893598643906
area_mappa_GT_intersezione_contorno = 0.859329933995
IoU filtrato dal contorno = 0.415804132961
tocco bordo = False
IoU_filtrata_2 = 0.888820375994
------------------------
 informazioni stanza parziale
id_della_stanza_XML_GT = 9a2e9e79-6c3d-48ae-b661-3729ce6ef326
id_della_stanza_XML_predizione = 31397f0a-6b00-11e8-9773-080027eeca92
area_predetta = 2736.5218875
area_vera= 11741.8011257
area_vera_esplorata = 8481.29291748
percentuale_area_vera_esplorata = 72.2316178473
percentuale_area_totale_ambiente_esplorata_bwd = 86.3966161571
percentuale_area_totale_ambiente_esplorata_fwd = 86.4316072247
percentuale_matching_mappa_bwd = 89.2213408846
percentuale_matching_mappa_fwd = 89.2574759801
area_intersezione_tra_stanza_originale_e_stanza_predetta = 9910.31120531
area_unione_tra_stanza_originale_e_stanza_predetta = 13049.3047253
IoU = 0.759451282188
area_stanza_GT_esplorata = 0.790482646968
area_mappa_GT_intersezione_contorno = 0.859329933995
IoU filtrato dal contorno = 0.497510576827
tocco bordo = False
IoU_filtrata_2 = 0.772847208452
