./data/OUTPUT/PARZIALI/Valleceppi_P0_updated140//./data/INPUT/IMGs/PARZIALI/Valleceppi_P0_updated140.png
n_configurazione = 42
perc_mappa_bwd = 91.1943330336%
perc_mappa_fwd = 80.8213801633%
perc_GT_bwd = 84.5571507408%
perc_GT_fwd = 74.9391480613%

------------------------
 informazioni stanza parziale
id_della_stanza_XML_GT = 2a0cfb21-2c7b-45a4-b8ce-0959b8ba7af2
id_della_stanza_XML_predizione = 420aae3c-74a4-11e8-95a4-080027eeca92
area_predetta = 8878.93326116
area_vera= 32215.4724686
area_vera_esplorata = 24378.7291948
percentuale_area_vera_esplorata = 75.6739769019
percentuale_area_totale_ambiente_esplorata_bwd = 84.5571507408
percentuale_area_totale_ambiente_esplorata_fwd = 74.9391480613
percentuale_matching_mappa_bwd = 91.1943330336
percentuale_matching_mappa_fwd = 80.8213801633
area_intersezione_tra_stanza_originale_e_stanza_predetta = 31019.9186472
area_unione_tra_stanza_originale_e_stanza_predetta = 34453.2162773
IoU = 0.900348994925
area_stanza_GT_esplorata = 0.737363303516
area_mappa_GT_intersezione_contorno = 0.810334396845
IoU filtrato dal contorno = 0.879929857438
tocco bordo = False
IoU_filtrata_2 = 0.950244092748
------------------------
 informazioni stanza parziale
id_della_stanza_XML_GT = fd01a700-6fa5-443a-9048-08d9f1af4c74
id_della_stanza_XML_predizione = 420aae42-74a4-11e8-95a4-080027eeca92
area_predetta = 1674.26661378
area_vera= 2793.74564705
area_vera_esplorata = 1375.867484
percentuale_area_vera_esplorata = 49.2481298521
percentuale_area_totale_ambiente_esplorata_bwd = 84.5571507408
percentuale_area_totale_ambiente_esplorata_fwd = 74.9391480613
percentuale_matching_mappa_bwd = 91.1943330336
percentuale_matching_mappa_fwd = 80.8213801633
area_intersezione_tra_stanza_originale_e_stanza_predetta = 2731.32795055
area_unione_tra_stanza_originale_e_stanza_predetta = 3112.55179428
IoU = 0.877520481929
area_stanza_GT_esplorata = 0.47022479865
area_mappa_GT_intersezione_contorno = 0.810334396845
IoU filtrato dal contorno = 0.81629082372
tocco bordo = False
IoU_filtrata_2 = 0.965139614041
