./data/OUTPUT/PARZIALI/battle_creekhs_1_updated70//./data/INPUT/IMGs/PARZIALI/battle_creekhs_1_updated70.png
n_configurazione = 13
perc_mappa_bwd = 96.4499516025%
perc_mappa_fwd = 86.943239155%
perc_GT_bwd = 52.5434202649%
perc_GT_fwd = 47.3644110569%

------------------------
 informazioni stanza parziale
id_della_stanza_XML_GT = 480c3c42-0e7e-483e-bd06-d5391c075842
id_della_stanza_XML_predizione = ea95385e-6d75-11e8-ade5-080027eeca92
area_predetta = 9641.1992461
area_vera= 53790.752511
area_vera_esplorata = 58032.788642
percentuale_area_vera_esplorata = 107.88618105
percentuale_area_totale_ambiente_esplorata_bwd = 52.5434202649
percentuale_area_totale_ambiente_esplorata_fwd = 47.3644110569
percentuale_matching_mappa_bwd = 96.4499516025
percentuale_matching_mappa_fwd = 86.943239155
area_intersezione_tra_stanza_originale_e_stanza_predetta = 42475.4223688
area_unione_tra_stanza_originale_e_stanza_predetta = 78989.3180303
IoU = 0.537736284197
area_stanza_GT_esplorata = 0.710859036171
area_mappa_GT_intersezione_contorno = 0.451089843417
IoU filtrato dal contorno = 0.214554376504
tocco bordo = True
IoU_filtrata_2 = 0.785089073419
------------------------
 informazioni stanza parziale
id_della_stanza_XML_GT = ce24ba10-a7c7-4d37-bd7a-7013f8cbc96a
id_della_stanza_XML_predizione = ea95385d-6d75-11e8-ade5-080027eeca92
area_predetta = 23425.6115386
area_vera= 106491.810127
area_vera_esplorata = 48106.9191928
percentuale_area_vera_esplorata = 45.1742900563
percentuale_area_totale_ambiente_esplorata_bwd = 52.5434202649
percentuale_area_totale_ambiente_esplorata_fwd = 47.3644110569
percentuale_matching_mappa_bwd = 96.4499516025
percentuale_matching_mappa_fwd = 86.943239155
area_intersezione_tra_stanza_originale_e_stanza_predetta = 69599.8209708
area_unione_tra_stanza_originale_e_stanza_predetta = 108424.519887
IoU = 0.641919568038
area_stanza_GT_esplorata = 0.448031687435
area_mappa_GT_intersezione_contorno = 0.451089843417
IoU filtrato dal contorno = 0.364654231561
tocco bordo = False
IoU_filtrata_2 = 0.644968023761
