./data/OUTPUT/SCHOOL/cunningham2f_updated//./data/INPUT/IMGs/SCHOOL/cunningham2f_updated.png
accuracy_bc = 0.823215000041 +- 0.158142495724
accuracy_bc_pixels = 0.823928221106
accuracy_fc = 0.75616934353 +- 0.0698507114575
accuracy_fc_pixels = 0.714474179469

