./data/OUTPUT/PARZIALI/south_mountain_school_2_updated70//./data/INPUT/IMGs/PARZIALI/south_mountain_school_2_updated70.png
n_configurazione = 15
perc_mappa_bwd = 86.128784657%
perc_mappa_fwd = 78.6801244107%
perc_GT_bwd = 33.2935738779%
perc_GT_fwd = 30.4142516956%

------------------------
 informazioni stanza parziale
id_della_stanza_XML_GT = 61134256-8252-41ee-9035-1436fdd5b61e
id_della_stanza_XML_predizione = c6823598-6a62-11e8-9773-080027eeca92
area_predetta = 17580.4064923
area_vera= 212167.59242
area_vera_esplorata = 225921.18116
percentuale_area_vera_esplorata = 106.482417311
percentuale_area_totale_ambiente_esplorata_bwd = 33.2935738779
percentuale_area_totale_ambiente_esplorata_fwd = 30.4142516956
percentuale_matching_mappa_bwd = 86.128784657
percentuale_matching_mappa_fwd = 78.6801244107
area_intersezione_tra_stanza_originale_e_stanza_predetta = 208375.283864
area_unione_tra_stanza_originale_e_stanza_predetta = 247293.896208
IoU = 0.842622026097
area_stanza_GT_esplorata = 0.944738672212
area_mappa_GT_intersezione_contorno = 0.30743886059
IoU filtrato dal contorno = 0.371646302064
tocco bordo = False
IoU_filtrata_2 = 0.846113440156
------------------------
 informazioni stanza parziale
id_della_stanza_XML_GT = 2587af1d-bfda-4522-a407-21fc7d51ce21
id_della_stanza_XML_predizione = c682359a-6a62-11e8-9773-080027eeca92
area_predetta = 1665.51488291
area_vera= 15199.7586066
area_vera_esplorata = 936.932092827
percentuale_area_vera_esplorata = 6.16412481985
percentuale_area_totale_ambiente_esplorata_bwd = 33.2935738779
percentuale_area_totale_ambiente_esplorata_fwd = 30.4142516956
percentuale_matching_mappa_bwd = 86.128784657
percentuale_matching_mappa_fwd = 78.6801244107
area_intersezione_tra_stanza_originale_e_stanza_predetta = 1715.34531095
area_unione_tra_stanza_originale_e_stanza_predetta = 16086.8602714
IoU = 0.106630211366
area_stanza_GT_esplorata = 0.05420594564
area_mappa_GT_intersezione_contorno = 0.30743886059
IoU filtrato dal contorno = 0.0592196398363
tocco bordo = True
IoU_filtrata_2 = 0.112853457436
------------------------
 informazioni stanza parziale
id_della_stanza_XML_GT = 28c0c62c-1f02-4360-b8a6-1d916eb20809
id_della_stanza_XML_predizione = c6823599-6a62-11e8-9773-080027eeca92
area_predetta = 11264.0539119
area_vera= 13127.5423813
area_vera_esplorata = 27924.4439682
percentuale_area_vera_esplorata = 212.716464034
percentuale_area_totale_ambiente_esplorata_bwd = 33.2935738779
percentuale_area_totale_ambiente_esplorata_fwd = 30.4142516956
percentuale_matching_mappa_bwd = 86.128784657
percentuale_matching_mappa_fwd = 78.6801244107
area_intersezione_tra_stanza_originale_e_stanza_predetta = 13122.9861721
area_unione_tra_stanza_originale_e_stanza_predetta = 39193.0540893
IoU = 0.334829384366
area_stanza_GT_esplorata = 0.922789646401
area_mappa_GT_intersezione_contorno = 0.30743886059
IoU filtrato dal contorno = 0.0919122103105
tocco bordo = True
IoU_filtrata_2 = 0.683545424621
