./data/OUTPUT/PARZIALI/south_mountain_school_2_updated70//./data/INPUT/IMGs/PARZIALI/south_mountain_school_2_updated70.png
n_configurazione = 10
perc_mappa_bwd = 28.6891905314%
perc_mappa_fwd = 8.6354572717%
perc_GT_bwd = 84.5214183266%
perc_GT_fwd = 25.4409790929%

------------------------
 informazioni stanza parziale
id_della_stanza_XML_GT = 5b4810f9-4994-4009-af68-58da5924084a
id_della_stanza_XML_predizione = c6823599-6a62-11e8-9773-080027eeca92
area_predetta = 11264.0539119
area_vera= 1445.86568186
area_vera_esplorata = 27924.4439682
percentuale_area_vera_esplorata = 1931.33043536
percentuale_area_totale_ambiente_esplorata_bwd = 84.5214183266
percentuale_area_totale_ambiente_esplorata_fwd = 25.4409790929
percentuale_matching_mappa_bwd = 28.6891905314
percentuale_matching_mappa_fwd = 8.6354572717
area_intersezione_tra_stanza_originale_e_stanza_predetta = 1445.86568186
area_unione_tra_stanza_originale_e_stanza_predetta = 39188.49788
IoU = 0.0368951544478
area_stanza_GT_esplorata = 1.0
area_mappa_GT_intersezione_contorno = 0.843604412162
IoU filtrato dal contorno = 0.0
tocco bordo = True
IoU_filtrata_2 = 0.03689726701
------------------------
 informazioni stanza parziale
id_della_stanza_XML_GT = 61134256-8252-41ee-9035-1436fdd5b61e
id_della_stanza_XML_predizione = c6823598-6a62-11e8-9773-080027eeca92
area_predetta = 17580.4064923
area_vera= 27838.2970373
area_vera_esplorata = 225921.18116
percentuale_area_vera_esplorata = 811.548137653
percentuale_area_totale_ambiente_esplorata_bwd = 84.5214183266
percentuale_area_totale_ambiente_esplorata_fwd = 25.4409790929
percentuale_matching_mappa_bwd = 28.6891905314
percentuale_matching_mappa_fwd = 8.6354572717
area_intersezione_tra_stanza_originale_e_stanza_predetta = 17815.1007716
area_unione_tra_stanza_originale_e_stanza_predetta = 253524.783918
IoU = 0.0702696615938
area_stanza_GT_esplorata = 0.635522133737
area_mappa_GT_intersezione_contorno = 0.843604412162
IoU filtrato dal contorno = 0.00518612125114
tocco bordo = False
IoU_filtrata_2 = 0.0912983905689
------------------------
 informazioni stanza parziale
id_della_stanza_XML_GT = ff208d00-7d40-4447-a816-98cd3996d382
id_della_stanza_XML_predizione = c682359a-6a62-11e8-9773-080027eeca92
area_predetta = 1665.51488291
area_vera= 5888.07958377
area_vera_esplorata = 936.932092827
percentuale_area_vera_esplorata = 15.9123544357
percentuale_area_totale_ambiente_esplorata_bwd = 84.5214183266
percentuale_area_totale_ambiente_esplorata_fwd = 25.4409790929
percentuale_matching_mappa_bwd = 28.6891905314
percentuale_matching_mappa_fwd = 8.6354572717
area_intersezione_tra_stanza_originale_e_stanza_predetta = 0.0
area_unione_tra_stanza_originale_e_stanza_predetta = 8490.5265595
IoU = 0.0
area_stanza_GT_esplorata = 1.0
area_mappa_GT_intersezione_contorno = 0.843604412162
IoU filtrato dal contorno = 0.0
tocco bordo = True
IoU_filtrata_2 = 0.0
