./data/OUTPUT/PARZIALI/south_mountain_school_2_updated70//./data/INPUT/IMGs/PARZIALI/south_mountain_school_2_updated70.png
n_configurazione = 21
perc_mappa_bwd = 72.3365757397%
perc_mappa_fwd = 25.9339861924%
perc_GT_bwd = 38.7075586996%
perc_GT_fwd = 13.8773681584%

------------------------
 informazioni stanza parziale
id_della_stanza_XML_GT = 5b4810f9-4994-4009-af68-58da5924084a
id_della_stanza_XML_predizione = c682359a-6a62-11e8-9773-080027eeca92
area_predetta = 1665.51488291
area_vera= 7960.46791819
area_vera_esplorata = 936.932092827
percentuale_area_vera_esplorata = 11.7698118057
percentuale_area_totale_ambiente_esplorata_bwd = 38.7075586996
percentuale_area_totale_ambiente_esplorata_fwd = 13.8773681584
percentuale_matching_mappa_bwd = 72.3365757397
percentuale_matching_mappa_fwd = 25.9339861924
area_intersezione_tra_stanza_originale_e_stanza_predetta = 1086.28719368
area_unione_tra_stanza_originale_e_stanza_predetta = 9476.62770024
IoU = 0.114628033098
area_stanza_GT_esplorata = 0.824240476315
area_mappa_GT_intersezione_contorno = 0.356196679223
IoU filtrato dal contorno = 0.102907665341
tocco bordo = True
IoU_filtrata_2 = 0.124720766837
------------------------
 informazioni stanza parziale
id_della_stanza_XML_GT = 919b6985-f1b0-4b60-855a-750ffeb7273b
id_della_stanza_XML_predizione = c6823598-6a62-11e8-9773-080027eeca92
area_predetta = 17580.4064923
area_vera= 79847.839714
area_vera_esplorata = 225921.18116
percentuale_area_vera_esplorata = 282.939628636
percentuale_area_totale_ambiente_esplorata_bwd = 38.7075586996
percentuale_area_totale_ambiente_esplorata_fwd = 13.8773681584
percentuale_matching_mappa_bwd = 72.3365757397
percentuale_matching_mappa_fwd = 25.9339861924
area_intersezione_tra_stanza_originale_e_stanza_predetta = 61896.3349844
area_unione_tra_stanza_originale_e_stanza_predetta = 261453.092382
IoU = 0.236739731859
area_stanza_GT_esplorata = 0.770390014786
area_mappa_GT_intersezione_contorno = 0.356196679223
IoU filtrato dal contorno = 0.0107609344205
tocco bordo = False
IoU_filtrata_2 = 0.494175337617
