./data/OUTPUT/PARZIALI/scuola_sconosciuta_3_updated20//./data/INPUT/IMGs/PARZIALI/scuola_sconosciuta_3_updated20.png
n_configurazione = 32
perc_mappa_bwd = 56.0647795257%
perc_mappa_fwd = 77.5799765071%
perc_GT_bwd = 7.22653438378%
perc_GT_fwd = 9.99976049965%

------------------------
 informazioni stanza parziale
id_della_stanza_XML_GT = 590f12d9-048b-4408-9515-9e0daa4f249b
id_della_stanza_XML_predizione = 772cadd5-72f7-11e8-a475-080027eeca92
area_predetta = 8053.03943837
area_vera= 576170.102431
area_vera_esplorata = 57432.6715276
percentuale_area_vera_esplorata = 9.96800619909
percentuale_area_totale_ambiente_esplorata_bwd = 7.22653438378
percentuale_area_totale_ambiente_esplorata_fwd = 9.99976049965
percentuale_matching_mappa_bwd = 56.0647795257
percentuale_matching_mappa_fwd = 77.5799765071
area_intersezione_tra_stanza_originale_e_stanza_predetta = 65485.710966
area_unione_tra_stanza_originale_e_stanza_predetta = 576170.102431
IoU = 0.113656905642
area_stanza_GT_esplorata = 0.268949468679
area_mappa_GT_intersezione_contorno = 0.0858304434765
IoU filtrato dal contorno = 0.0191188475389
tocco bordo = False
IoU_filtrata_2 = 0.113656905642
