./data/OUTPUT/PARZIALI/scuola_sconosciuta_3_updated20//./data/INPUT/IMGs/PARZIALI/scuola_sconosciuta_3_updated20.png
n_configurazione = 17
perc_mappa_bwd = 93.8578571442%
perc_mappa_fwd = 57.5447923569%
perc_GT_bwd = 21.6775034596%
perc_GT_fwd = 13.2906021228%

------------------------
 informazioni stanza parziale
id_della_stanza_XML_GT = 590f12d9-048b-4408-9515-9e0daa4f249b
id_della_stanza_XML_predizione = 772cadd2-72f7-11e8-a475-080027eeca92
area_predetta = 51169.6325129
area_vera= 321552.613769
area_vera_esplorata = 129239.516686
percentuale_area_vera_esplorata = 40.19233903
percentuale_area_totale_ambiente_esplorata_bwd = 21.6775034596
percentuale_area_totale_ambiente_esplorata_fwd = 13.2906021228
percentuale_matching_mappa_bwd = 93.8578571442
percentuale_matching_mappa_fwd = 57.5447923569
area_intersezione_tra_stanza_originale_e_stanza_predetta = 66203.0564121
area_unione_tra_stanza_originale_e_stanza_predetta = 435758.706556
IoU = 0.151925952175
area_stanza_GT_esplorata = 0.0926342520876
area_mappa_GT_intersezione_contorno = 0.186324984447
IoU filtrato dal contorno = 0.119520076993
tocco bordo = True
IoU_filtrata_2 = 0.198907222099
------------------------
 informazioni stanza parziale
id_della_stanza_XML_GT = 37e3c252-8fd6-4717-8058-2072d6138c3f
id_della_stanza_XML_predizione = 772cadd5-72f7-11e8-a475-080027eeca92
area_predetta = 8053.03943837
area_vera= 72386.9661117
area_vera_esplorata = 57432.6715276
percentuale_area_vera_esplorata = 79.3411778565
percentuale_area_totale_ambiente_esplorata_bwd = 21.6775034596
percentuale_area_totale_ambiente_esplorata_fwd = 13.2906021228
percentuale_matching_mappa_bwd = 93.8578571442
percentuale_matching_mappa_fwd = 57.5447923569
area_intersezione_tra_stanza_originale_e_stanza_predetta = 60572.2986788
area_unione_tra_stanza_originale_e_stanza_predetta = 77300.378399
IoU = 0.783596405779
area_stanza_GT_esplorata = 0.771034962801
area_mappa_GT_intersezione_contorno = 0.186324984447
IoU filtrato dal contorno = 0.242252589446
tocco bordo = False
IoU_filtrata_2 = 0.803872343032
