./data/OUTPUT/PARZIALI/scuola_sconosciuta_3_updated20//./data/INPUT/IMGs/PARZIALI/scuola_sconosciuta_3_updated20.png
n_configurazione = 26
perc_mappa_bwd = 57.952064408%
perc_mappa_fwd = 48.3536624107%
perc_GT_bwd = 28.0915639941%
perc_GT_fwd = 23.4388544366%

------------------------
 informazioni stanza parziale
id_della_stanza_XML_GT = 590f12d9-048b-4408-9515-9e0daa4f249b
id_della_stanza_XML_predizione = 772cadd5-72f7-11e8-a475-080027eeca92
area_predetta = 8053.03943837
area_vera= 153208.78406
area_vera_esplorata = 57432.6715276
percentuale_area_vera_esplorata = 37.4865396132
percentuale_area_totale_ambiente_esplorata_bwd = 28.0915639941
percentuale_area_totale_ambiente_esplorata_fwd = 23.4388544366
percentuale_matching_mappa_bwd = 57.952064408
percentuale_matching_mappa_fwd = 48.3536624107
area_intersezione_tra_stanza_originale_e_stanza_predetta = 65485.710966
area_unione_tra_stanza_originale_e_stanza_predetta = 153208.78406
IoU = 0.427427913927
area_stanza_GT_esplorata = 0.583476304195
area_mappa_GT_intersezione_contorno = 0.305832019676
IoU filtrato dal contorno = 0.126193343436
tocco bordo = False
IoU_filtrata_2 = 0.427427913927
