./data/OUTPUT/PARZIALI/Valleceppi_P0_updated170//./data/INPUT/IMGs/PARZIALI/Valleceppi_P0_updated170.png
n_configurazione = 28
perc_mappa_bwd = 93.7154179017%
perc_mappa_fwd = 74.3389960175%
perc_GT_bwd = 95.0875933822%
perc_GT_fwd = 75.4274631008%

------------------------
 informazioni stanza parziale
id_della_stanza_XML_GT = bc63d18c-7a19-498a-927e-c4805b875e96
id_della_stanza_XML_predizione = aec96eca-6b35-11e8-9773-080027eeca92
area_predetta = 14998.5832808
area_vera= 26311.2043944
area_vera_esplorata = 58072.2581445
percentuale_area_vera_esplorata = 220.713036446
percentuale_area_totale_ambiente_esplorata_bwd = 95.0875933822
percentuale_area_totale_ambiente_esplorata_fwd = 75.4274631008
percentuale_matching_mappa_bwd = 93.7154179017
percentuale_matching_mappa_fwd = 74.3389960175
area_intersezione_tra_stanza_originale_e_stanza_predetta = 25849.552208
area_unione_tra_stanza_originale_e_stanza_predetta = 73532.4936118
IoU = 0.351539175924
area_stanza_GT_esplorata = 0.671722919002
area_mappa_GT_intersezione_contorno = 0.880448341615
IoU filtrato dal contorno = 0.528822035536
tocco bordo = False
IoU_filtrata_2 = 0.952653241386
