./data/OUTPUT/PARZIALI/Valleceppi_P0_updated170//./data/INPUT/IMGs/PARZIALI/Valleceppi_P0_updated170.png
n_configurazione = 19
perc_mappa_bwd = 91.2650349153%
perc_mappa_fwd = 72.3971677719%
perc_GT_bwd = 95.4739755964%
perc_GT_fwd = 75.7359643319%

------------------------
 informazioni stanza parziale
id_della_stanza_XML_GT = bc63d18c-7a19-498a-927e-c4805b875e96
id_della_stanza_XML_predizione = aec96eca-6b35-11e8-9773-080027eeca92
area_predetta = 14998.5832808
area_vera= 25519.5466533
area_vera_esplorata = 58072.2581445
percentuale_area_vera_esplorata = 227.559912931
percentuale_area_totale_ambiente_esplorata_bwd = 95.4739755964
percentuale_area_totale_ambiente_esplorata_fwd = 75.7359643319
percentuale_matching_mappa_bwd = 91.2650349153
percentuale_matching_mappa_fwd = 72.3971677719
area_intersezione_tra_stanza_originale_e_stanza_predetta = 25473.3875187
area_unione_tra_stanza_originale_e_stanza_predetta = 73117.0005599
IoU = 0.348392129377
area_stanza_GT_esplorata = 0.670162497473
area_mappa_GT_intersezione_contorno = 0.884713948273
IoU filtrato dal contorno = 0.556416598443
tocco bordo = False
IoU_filtrata_2 = 0.908741589937
