./data/OUTPUT/PARZIALI/Valleceppi_P0_updated170//./data/INPUT/IMGs/PARZIALI/Valleceppi_P0_updated170.png
n_configurazione = 53
perc_mappa_bwd = 92.3168169959%
perc_mappa_fwd = 73.2660296065%
perc_GT_bwd = 89.5942226856%
perc_GT_fwd = 71.1052783822%

------------------------
 informazioni stanza parziale
id_della_stanza_XML_GT = bc63d18c-7a19-498a-927e-c4805b875e96
id_della_stanza_XML_predizione = aec96eca-6b35-11e8-9773-080027eeca92
area_predetta = 14998.5832808
area_vera= 27507.7047357
area_vera_esplorata = 58072.2581445
percentuale_area_vera_esplorata = 211.112699887
percentuale_area_totale_ambiente_esplorata_bwd = 89.5942226856
percentuale_area_totale_ambiente_esplorata_fwd = 71.1052783822
percentuale_matching_mappa_bwd = 92.3168169959
percentuale_matching_mappa_fwd = 73.2660296065
area_intersezione_tra_stanza_originale_e_stanza_predetta = 24386.1122954
area_unione_tra_stanza_originale_e_stanza_predetta = 76192.4338657
IoU = 0.320059500112
area_stanza_GT_esplorata = 0.604994219123
area_mappa_GT_intersezione_contorno = 0.847416778296
IoU filtrato dal contorno = 0.427374991726
tocco bordo = False
IoU_filtrata_2 = 0.884203571065
