./data/OUTPUT/PARZIALI/Sicurezza_1_updated50//./data/INPUT/IMGs/PARZIALI/Sicurezza_1_updated50.png
n_configurazione = 29
perc_mappa_bwd = 49.267023113%
perc_mappa_fwd = 17.2409456163%
perc_GT_bwd = 89.3215898341%
perc_GT_fwd = 31.2580013036%

------------------------
 informazioni stanza parziale
id_della_stanza_XML_GT = d37731be-5870-4690-b481-81ff38e984cc
id_della_stanza_XML_predizione = 5c7f26c6-6d71-11e8-ade5-080027eeca92
area_predetta = 10497.0442166
area_vera= 10110.3836115
area_vera_esplorata = 51803.6339353
percentuale_area_vera_esplorata = 512.380498369
percentuale_area_totale_ambiente_esplorata_bwd = 89.3215898341
percentuale_area_totale_ambiente_esplorata_fwd = 31.2580013036
percentuale_matching_mappa_bwd = 49.267023113
percentuale_matching_mappa_fwd = 17.2409456163
area_intersezione_tra_stanza_originale_e_stanza_predetta = 3160.75844815
area_unione_tra_stanza_originale_e_stanza_predetta = 69250.3033152
IoU = 0.0456425213585
area_stanza_GT_esplorata = 0.917107493673
area_mappa_GT_intersezione_contorno = 0.795452937585
IoU filtrato dal contorno = 0.0151425786641
tocco bordo = True
IoU_filtrata_2 = 0.047997263061
------------------------
 informazioni stanza parziale
id_della_stanza_XML_GT = 752fc865-4d9e-4dfd-9dff-5dfbacd3bfcf
id_della_stanza_XML_predizione = 5c7f26c8-6d71-11e8-ade5-080027eeca92
area_predetta = 14266.9482259
area_vera= 7944.29043795
area_vera_esplorata = 46293.1664335
percentuale_area_vera_esplorata = 582.722482204
percentuale_area_totale_ambiente_esplorata_bwd = 89.3215898341
percentuale_area_totale_ambiente_esplorata_fwd = 31.2580013036
percentuale_matching_mappa_bwd = 49.267023113
percentuale_matching_mappa_fwd = 17.2409456163
area_intersezione_tra_stanza_originale_e_stanza_predetta = 7944.29043795
area_unione_tra_stanza_originale_e_stanza_predetta = 60560.1146594
IoU = 0.131180241032
area_stanza_GT_esplorata = 1.0
area_mappa_GT_intersezione_contorno = 0.795452937585
IoU filtrato dal contorno = 0.0
tocco bordo = True
IoU_filtrata_2 = 0.228258173682
------------------------
 informazioni stanza parziale
id_della_stanza_XML_GT = f126168f-b746-4e18-8412-6d8786f7d588
id_della_stanza_XML_predizione = 5c7f26c9-6d71-11e8-ade5-080027eeca92
area_predetta = 62379.9871478
area_vera= 57288.9257953
area_vera_esplorata = 210537.456665
percentuale_area_vera_esplorata = 367.501142223
percentuale_area_totale_ambiente_esplorata_bwd = 89.3215898341
percentuale_area_totale_ambiente_esplorata_fwd = 31.2580013036
percentuale_matching_mappa_bwd = 49.267023113
percentuale_matching_mappa_fwd = 17.2409456163
area_intersezione_tra_stanza_originale_e_stanza_predetta = 53543.4559755
area_unione_tra_stanza_originale_e_stanza_predetta = 276662.913632
IoU = 0.19353318908
area_stanza_GT_esplorata = 0.743109863353
area_mappa_GT_intersezione_contorno = 0.795452937585
IoU filtrato dal contorno = 0.170184857782
tocco bordo = False
IoU_filtrata_2 = 0.338089031857
------------------------
 informazioni stanza parziale
id_della_stanza_XML_GT = 4eea313a-4f46-4c62-925b-3f4b654abba0
id_della_stanza_XML_predizione = 5c7f26ca-6d71-11e8-ade5-080027eeca92
area_predetta = 5151.71563551
area_vera= 6360.88899533
area_vera_esplorata = 3804.9912961
percentuale_area_vera_esplorata = 59.8185457865
percentuale_area_totale_ambiente_esplorata_bwd = 89.3215898341
percentuale_area_totale_ambiente_esplorata_fwd = 31.2580013036
percentuale_matching_mappa_bwd = 49.267023113
percentuale_matching_mappa_fwd = 17.2409456163
area_intersezione_tra_stanza_originale_e_stanza_predetta = 0.0
area_unione_tra_stanza_originale_e_stanza_predetta = 15317.5959269
IoU = 0.0
area_stanza_GT_esplorata = 0.695702367718
area_mappa_GT_intersezione_contorno = 0.795452937585
IoU filtrato dal contorno = 0.0
tocco bordo = False
IoU_filtrata_2 = 0.0
