./data/OUTPUT/PARZIALI/plans2_updated140//./data/INPUT/IMGs/PARZIALI/plans2_updated140.png
n_configurazione = 33
perc_mappa_bwd = 85.4493283996%
perc_mappa_fwd = 61.9199960804%
perc_GT_bwd = 87.477351456%
perc_GT_fwd = 63.3895825833%

------------------------
 informazioni stanza parziale
id_della_stanza_XML_GT = 18f178ba-f029-4b2f-9e0c-de8709d2b86c
id_della_stanza_XML_predizione = 9f20fa59-7920-11e8-95a4-080027eeca92
area_predetta = 6950.36089059
area_vera= 28026.3737316
area_vera_esplorata = 85223.7283885
percentuale_area_vera_esplorata = 304.084036004
percentuale_area_totale_ambiente_esplorata_bwd = 87.477351456
percentuale_area_totale_ambiente_esplorata_fwd = 63.3895825833
percentuale_matching_mappa_bwd = 85.4493283996
percentuale_matching_mappa_fwd = 61.9199960804
area_intersezione_tra_stanza_originale_e_stanza_predetta = 24805.7330183
area_unione_tra_stanza_originale_e_stanza_predetta = 95394.7299924
IoU = 0.260032530312
area_stanza_GT_esplorata = 0.895603492019
area_mappa_GT_intersezione_contorno = 0.878901510054
IoU filtrato dal contorno = 0.0198628372456
tocco bordo = False
IoU_filtrata_2 = 0.821603391198
