./data/OUTPUT/PARZIALI/scuola_sconosciuta_3_updated130//./data/INPUT/IMGs/PARZIALI/scuola_sconosciuta_3_updated130.png
n_configurazione = 21
perc_mappa_bwd = 93.6192390912%
perc_mappa_fwd = 84.1916583197%
perc_GT_bwd = 91.7393433541%
perc_GT_fwd = 82.5010705611%

------------------------
 informazioni stanza parziale
id_della_stanza_XML_GT = a7b82e09-29d1-49c1-8aa0-1647c741baf2
id_della_stanza_XML_predizione = bf9cdac2-844b-11e8-95a4-080027eeca92
area_predetta = 1446.23357184
area_vera= 12169.0555589
area_vera_esplorata = 10466.6932278
percentuale_area_vera_esplorata = 86.0107275963
percentuale_area_totale_ambiente_esplorata_bwd = 91.7393433541
percentuale_area_totale_ambiente_esplorata_fwd = 82.5010705611
percentuale_matching_mappa_bwd = 93.6192390912
percentuale_matching_mappa_fwd = 84.1916583197
area_intersezione_tra_stanza_originale_e_stanza_predetta = 11397.6054432
area_unione_tra_stanza_originale_e_stanza_predetta = 12684.3769153
IoU = 0.898554617172
area_stanza_GT_esplorata = 0.885861246135
area_mappa_GT_intersezione_contorno = 0.892497259931
IoU filtrato dal contorno = 0.63813907887
tocco bordo = False
IoU_filtrata_2 = 0.913714851254
