./data/OUTPUT/PARZIALI/battle_creekhs_1_updated50//./data/INPUT/IMGs/PARZIALI/battle_creekhs_1_updated50.png
n_configurazione = 0
perc_mappa_bwd = 95.2734920507%
perc_mappa_fwd = 77.6114576315%
perc_GT_bwd = 29.6819301937%
perc_GT_fwd = 24.1794209287%

------------------------
 informazioni stanza parziale
id_della_stanza_XML_GT = 480c3c42-0e7e-483e-bd06-d5391c075842
id_della_stanza_XML_predizione = 48820970-6b3b-11e8-9773-080027eeca92
area_predetta = 10632.2119527
area_vera= 89076.9239241
area_vera_esplorata = 39916.7368849
percentuale_area_vera_esplorata = 44.8115349368
percentuale_area_totale_ambiente_esplorata_bwd = 29.6819301937
percentuale_area_totale_ambiente_esplorata_fwd = 24.1794209287
percentuale_matching_mappa_bwd = 95.2734920507
percentuale_matching_mappa_fwd = 77.6114576315
area_intersezione_tra_stanza_originale_e_stanza_predetta = 38389.0478936
area_unione_tra_stanza_originale_e_stanza_predetta = 101236.824868
IoU = 0.379200433673
area_stanza_GT_esplorata = 0.430177371292
area_mappa_GT_intersezione_contorno = 0.273316286432
IoU filtrato dal contorno = 0.0326460768238
tocco bordo = True
IoU_filtrata_2 = 0.430396295532
------------------------
 informazioni stanza parziale
id_della_stanza_XML_GT = 55fba560-3c63-4000-a9b0-bd7b6224e4a6
id_della_stanza_XML_predizione = 4882096f-6b3b-11e8-9773-080027eeca92
area_predetta = 6148.5420836
area_vera= 32824.089488
area_vera_esplorata = 60689.4937444
percentuale_area_vera_esplorata = 184.893152228
percentuale_area_totale_ambiente_esplorata_bwd = 29.6819301937
percentuale_area_totale_ambiente_esplorata_fwd = 24.1794209287
percentuale_matching_mappa_bwd = 95.2734920507
percentuale_matching_mappa_fwd = 77.6114576315
area_intersezione_tra_stanza_originale_e_stanza_predetta = 31127.1864416
area_unione_tra_stanza_originale_e_stanza_predetta = 68534.9388744
IoU = 0.4541798235
area_stanza_GT_esplorata = 0.868302987894
area_mappa_GT_intersezione_contorno = 0.273316286432
IoU filtrato dal contorno = 0.456382632642
tocco bordo = True
IoU_filtrata_2 = 0.898887315678
