./data/OUTPUT/PARZIALI/Valleceppi_P1_updated20//./data/INPUT/IMGs/PARZIALI/Valleceppi_P1_updated20.png
n_configurazione = 20
perc_mappa_bwd = 71.4356956854%
perc_mappa_fwd = 39.9447636801%
perc_GT_bwd = 56.9358772887%
perc_GT_fwd = 31.8368868868%

------------------------
 informazioni stanza parziale
id_della_stanza_XML_GT = 01d791dd-72d6-491d-bc94-d260dfcd85d8
id_della_stanza_XML_predizione = dd5e4a5e-6afc-11e8-9773-080027eeca92
area_predetta = 21471.5177353
area_vera= 51587.4704822
area_vera_esplorata = 7713.24822502
percentuale_area_vera_esplorata = 14.9517860692
percentuale_area_totale_ambiente_esplorata_bwd = 56.9358772887
percentuale_area_totale_ambiente_esplorata_fwd = 31.8368868868
percentuale_matching_mappa_bwd = 71.4356956854
percentuale_matching_mappa_fwd = 39.9447636801
area_intersezione_tra_stanza_originale_e_stanza_predetta = 2272.76038003
area_unione_tra_stanza_originale_e_stanza_predetta = 78499.4760624
IoU = 0.028952554769
area_stanza_GT_esplorata = 0.844904660568
area_mappa_GT_intersezione_contorno = 0.460115568819
IoU filtrato dal contorno = 0.0835581852913
tocco bordo = False
IoU_filtrata_2 = 0.0297957380727
------------------------
 informazioni stanza parziale
id_della_stanza_XML_GT = 3386f43d-35e1-4c0b-8bb5-6aeba3f50db1
id_della_stanza_XML_predizione = dd5e4a5f-6afc-11e8-9773-080027eeca92
area_predetta = 2141.12381423
area_vera= 56291.8215129
area_vera_esplorata = 21344.1831666
percentuale_area_vera_esplorata = 37.9170234555
percentuale_area_totale_ambiente_esplorata_bwd = 56.9358772887
percentuale_area_totale_ambiente_esplorata_fwd = 31.8368868868
percentuale_matching_mappa_bwd = 71.4356956854
percentuale_matching_mappa_fwd = 39.9447636801
area_intersezione_tra_stanza_originale_e_stanza_predetta = 15458.3639898
area_unione_tra_stanza_originale_e_stanza_predetta = 64318.7645039
IoU = 0.240339877624
area_stanza_GT_esplorata = 0.942480540418
area_mappa_GT_intersezione_contorno = 0.460115568819
IoU filtrato dal contorno = 0.116099495798
tocco bordo = False
IoU_filtrata_2 = 0.250897551111
------------------------
 informazioni stanza parziale
id_della_stanza_XML_GT = f24dd147-92e7-4e5a-bdc3-792421d81442
id_della_stanza_XML_predizione = dd5e4a5c-6afc-11e8-9773-080027eeca92
area_predetta = 11842.549492
area_vera= 57891.7035182
area_vera_esplorata = 57315.5727941
percentuale_area_vera_esplorata = 99.0048129713
percentuale_area_totale_ambiente_esplorata_bwd = 56.9358772887
percentuale_area_totale_ambiente_esplorata_fwd = 31.8368868868
percentuale_matching_mappa_bwd = 71.4356956854
percentuale_matching_mappa_fwd = 39.9447636801
area_intersezione_tra_stanza_originale_e_stanza_predetta = 36098.5204005
area_unione_tra_stanza_originale_e_stanza_predetta = 90951.3054037
IoU = 0.396899420413
area_stanza_GT_esplorata = 0.724692787709
area_mappa_GT_intersezione_contorno = 0.460115568819
IoU filtrato dal contorno = 0.455759852459
tocco bordo = False
IoU_filtrata_2 = 0.62335822025
------------------------
 informazioni stanza parziale
id_della_stanza_XML_GT = 6636b45a-1997-4efd-968c-57c9581978cf
id_della_stanza_XML_predizione = dd5e4a5b-6afc-11e8-9773-080027eeca92
area_predetta = 132143.672023
area_vera= 49703.0457041
area_vera_esplorata = 13895.6648453
percentuale_area_vera_esplorata = 27.9573709185
percentuale_area_totale_ambiente_esplorata_bwd = 56.9358772887
percentuale_area_totale_ambiente_esplorata_fwd = 31.8368868868
percentuale_matching_mappa_bwd = 71.4356956854
percentuale_matching_mappa_fwd = 39.9447636801
area_intersezione_tra_stanza_originale_e_stanza_predetta = 41243.8348756
area_unione_tra_stanza_originale_e_stanza_predetta = 154498.547696
IoU = 0.266952896908
area_stanza_GT_esplorata = 0.0
area_mappa_GT_intersezione_contorno = 0.460115568819
IoU filtrato dal contorno = 0.293335627544
tocco bordo = False
IoU_filtrata_2 = 0.620252770051
