./data/OUTPUT/PARZIALI/Valleceppi_P1_updated50//./data/INPUT/IMGs/PARZIALI/Valleceppi_P1_updated50.png
n_configurazione = 39
perc_mappa_bwd = 94.5679796122%
perc_mappa_fwd = 90.3887721089%
perc_GT_bwd = 46.9749898925%
perc_GT_fwd = 44.8990416589%

------------------------
 informazioni stanza parziale
id_della_stanza_XML_GT = c2eddf15-d5d9-4218-a80f-73fa5e29d9ea
id_della_stanza_XML_predizione = 7780b8c9-74a5-11e8-95a4-080027eeca92
area_predetta = 3840.36303033
area_vera= 63004.6632539
area_vera_esplorata = 38353.3361075
percentuale_area_vera_esplorata = 60.8738054085
percentuale_area_totale_ambiente_esplorata_bwd = 46.9749898925
percentuale_area_totale_ambiente_esplorata_fwd = 44.8990416589
percentuale_matching_mappa_bwd = 94.5679796122
percentuale_matching_mappa_fwd = 90.3887721089
area_intersezione_tra_stanza_originale_e_stanza_predetta = 38834.4471357
area_unione_tra_stanza_originale_e_stanza_predetta = 66363.9152561
IoU = 0.585174141486
area_stanza_GT_esplorata = 0.694561801307
area_mappa_GT_intersezione_contorno = 0.340089089222
IoU filtrato dal contorno = 0.0879691375316
tocco bordo = True
IoU_filtrata_2 = 0.61612484128
------------------------
 informazioni stanza parziale
id_della_stanza_XML_GT = 104d40b1-bfca-440e-a184-35e548e21935
id_della_stanza_XML_predizione = 7780b8cf-74a5-11e8-95a4-080027eeca92
area_predetta = 56079.9830002
area_vera= 61250.6923715
area_vera_esplorata = 2890.5115554
percentuale_area_vera_esplorata = 4.71914919405
percentuale_area_totale_ambiente_esplorata_bwd = 46.9749898925
percentuale_area_totale_ambiente_esplorata_fwd = 44.8990416589
percentuale_matching_mappa_bwd = 94.5679796122
percentuale_matching_mappa_fwd = 90.3887721089
area_intersezione_tra_stanza_originale_e_stanza_predetta = 57512.638353
area_unione_tra_stanza_originale_e_stanza_predetta = 62708.5485741
IoU = 0.91714191543
area_stanza_GT_esplorata = 0.0972028612437
area_mappa_GT_intersezione_contorno = 0.340089089222
IoU filtrato dal contorno = 0.916081942542
tocco bordo = False
IoU_filtrata_2 = 0.938971236507
------------------------
 informazioni stanza parziale
id_della_stanza_XML_GT = f24dd147-92e7-4e5a-bdc3-792421d81442
id_della_stanza_XML_predizione = 7780b8ca-74a5-11e8-95a4-080027eeca92
area_predetta = 29731.8876787
area_vera= 59947.0278013
area_vera_esplorata = 4809.99418522
percentuale_area_vera_esplorata = 8.02374089532
percentuale_area_totale_ambiente_esplorata_bwd = 46.9749898925
percentuale_area_totale_ambiente_esplorata_fwd = 44.8990416589
percentuale_matching_mappa_bwd = 94.5679796122
percentuale_matching_mappa_fwd = 90.3887721089
area_intersezione_tra_stanza_originale_e_stanza_predetta = 30270.2061951
area_unione_tra_stanza_originale_e_stanza_predetta = 64218.7034701
IoU = 0.471361216584
area_stanza_GT_esplorata = 0.144276465303
area_mappa_GT_intersezione_contorno = 0.340089089222
IoU filtrato dal contorno = 0.457231141798
tocco bordo = False
IoU_filtrata_2 = 0.504761075595
