./data/OUTPUT/PARZIALI/Valleceppi_P1_updated50//./data/INPUT/IMGs/PARZIALI/Valleceppi_P1_updated50.png
n_configurazione = 28
perc_mappa_bwd = 96.7605557997%
perc_mappa_fwd = 94.3090154312%
perc_GT_bwd = 47.3791060821%
perc_GT_fwd = 46.1787017415%

------------------------
 informazioni stanza parziale
id_della_stanza_XML_GT = c2eddf15-d5d9-4218-a80f-73fa5e29d9ea
id_della_stanza_XML_predizione = 7780b8c9-74a5-11e8-95a4-080027eeca92
area_predetta = 3840.36303033
area_vera= 63915.5854305
area_vera_esplorata = 38353.3361075
percentuale_area_vera_esplorata = 60.0062345501
percentuale_area_totale_ambiente_esplorata_bwd = 47.3791060821
percentuale_area_totale_ambiente_esplorata_fwd = 46.1787017415
percentuale_matching_mappa_bwd = 96.7605557997
percentuale_matching_mappa_fwd = 94.3090154312
area_intersezione_tra_stanza_originale_e_stanza_predetta = 40245.9940294
area_unione_tra_stanza_originale_e_stanza_predetta = 65863.2905389
IoU = 0.61105349733
area_stanza_GT_esplorata = 0.666062528145
area_mappa_GT_intersezione_contorno = 0.33183411587
IoU filtrato dal contorno = 0.0899336952165
tocco bordo = True
IoU_filtrata_2 = 0.628745053694
------------------------
 informazioni stanza parziale
id_della_stanza_XML_GT = 104d40b1-bfca-440e-a184-35e548e21935
id_della_stanza_XML_predizione = 7780b8cf-74a5-11e8-95a4-080027eeca92
area_predetta = 56079.9830002
area_vera= 62136.255616
area_vera_esplorata = 2890.5115554
percentuale_area_vera_esplorata = 4.65189208256
percentuale_area_totale_ambiente_esplorata_bwd = 47.3791060821
percentuale_area_totale_ambiente_esplorata_fwd = 46.1787017415
percentuale_matching_mappa_bwd = 96.7605557997
percentuale_matching_mappa_fwd = 94.3090154312
area_intersezione_tra_stanza_originale_e_stanza_predetta = 58734.8878956
area_unione_tra_stanza_originale_e_stanza_predetta = 62371.862276
IoU = 0.941688860206
area_stanza_GT_esplorata = 0.0887014032226
area_mappa_GT_intersezione_contorno = 0.33183411587
IoU filtrato dal contorno = 0.936222600353
tocco bordo = False
IoU_filtrata_2 = 0.945259531867
------------------------
 informazioni stanza parziale
id_della_stanza_XML_GT = f24dd147-92e7-4e5a-bdc3-792421d81442
id_della_stanza_XML_predizione = 7780b8ca-74a5-11e8-95a4-080027eeca92
area_predetta = 29731.8876787
area_vera= 60813.7426478
area_vera_esplorata = 4809.99418522
percentuale_area_vera_esplorata = 7.90938688494
percentuale_area_totale_ambiente_esplorata_bwd = 47.3791060821
percentuale_area_totale_ambiente_esplorata_fwd = 46.1787017415
percentuale_matching_mappa_bwd = 96.7605557997
percentuale_matching_mappa_fwd = 94.3090154312
area_intersezione_tra_stanza_originale_e_stanza_predetta = 33560.3392694
area_unione_tra_stanza_originale_e_stanza_predetta = 61795.2852423
IoU = 0.543088993566
area_stanza_GT_esplorata = 0.12330724627
area_mappa_GT_intersezione_contorno = 0.33183411587
IoU filtrato dal contorno = 0.491698379632
tocco bordo = False
IoU_filtrata_2 = 0.543088993566
