./data/OUTPUT/PARZIALI/battle_creekhs_1_updated140//./data/INPUT/IMGs/PARZIALI/battle_creekhs_1_updated140.png
n_configurazione = 52
perc_mappa_bwd = 86.832825826%
perc_mappa_fwd = 81.0714243367%
perc_GT_bwd = 82.9972631048%
perc_GT_fwd = 77.4903531234%

------------------------
 informazioni stanza parziale
id_della_stanza_XML_GT = 55fba560-3c63-4000-a9b0-bd7b6224e4a6
id_della_stanza_XML_predizione = 18913e53-6d59-11e8-ade5-080027eeca92
area_predetta = 3688.51444406
area_vera= 9939.96742624
area_vera_esplorata = 13902.4429672
percentuale_area_vera_esplorata = 139.86406968
percentuale_area_totale_ambiente_esplorata_bwd = 82.9972631048
percentuale_area_totale_ambiente_esplorata_fwd = 77.4903531234
percentuale_matching_mappa_bwd = 86.832825826
percentuale_matching_mappa_fwd = 81.0714243367
area_intersezione_tra_stanza_originale_e_stanza_predetta = 8926.81458157
area_unione_tra_stanza_originale_e_stanza_predetta = 18604.1102559
IoU = 0.479830234221
area_stanza_GT_esplorata = 0.873266124987
area_mappa_GT_intersezione_contorno = 0.831556223037
IoU filtrato dal contorno = 0.199081714003
tocco bordo = False
IoU_filtrata_2 = 0.885272042163
