./data/OUTPUT/PARZIALI/south_mountain_school_2_updated130//./data/INPUT/IMGs/PARZIALI/south_mountain_school_2_updated130.png
n_configurazione = 5
perc_mappa_bwd = 90.3481088742%
perc_mappa_fwd = 68.5938179717%
perc_GT_bwd = 67.942482441%
perc_GT_fwd = 51.5830860344%

------------------------
 informazioni stanza parziale
id_della_stanza_XML_GT = 919b6985-f1b0-4b60-855a-750ffeb7273b
id_della_stanza_XML_predizione = 1ab5ebca-6d71-11e8-ade5-080027eeca92
area_predetta = 2934.11703684
area_vera= 45580.5934086
area_vera_esplorata = 7714.90507871
percentuale_area_vera_esplorata = 16.925854847
percentuale_area_totale_ambiente_esplorata_bwd = 67.942482441
percentuale_area_totale_ambiente_esplorata_fwd = 51.5830860344
percentuale_matching_mappa_bwd = 90.3481088742
percentuale_matching_mappa_fwd = 68.5938179717
area_intersezione_tra_stanza_originale_e_stanza_predetta = 10110.9873332
area_unione_tra_stanza_originale_e_stanza_predetta = 46118.628191
IoU = 0.219238683581
area_stanza_GT_esplorata = 0.632229660228
area_mappa_GT_intersezione_contorno = 0.574612512279
IoU filtrato dal contorno = 0.148178212079
tocco bordo = True
IoU_filtrata_2 = 0.221826584014
------------------------
 informazioni stanza parziale
id_della_stanza_XML_GT = 61134256-8252-41ee-9035-1436fdd5b61e
id_della_stanza_XML_predizione = 1ab5ebc7-6d71-11e8-ade5-080027eeca92
area_predetta = 5165.74320318
area_vera= 87492.3567919
area_vera_esplorata = 78253.8269057
percentuale_area_vera_esplorata = 89.4407577702
percentuale_area_totale_ambiente_esplorata_bwd = 67.942482441
percentuale_area_totale_ambiente_esplorata_fwd = 51.5830860344
percentuale_matching_mappa_bwd = 90.3481088742
percentuale_matching_mappa_fwd = 68.5938179717
area_intersezione_tra_stanza_originale_e_stanza_predetta = 79845.2385401
area_unione_tra_stanza_originale_e_stanza_predetta = 91066.6883607
IoU = 0.876777666755
area_stanza_GT_esplorata = 0.877668122058
area_mappa_GT_intersezione_contorno = 0.574612512279
IoU filtrato dal contorno = 0.418837180569
tocco bordo = False
IoU_filtrata_2 = 0.908500880942
------------------------
 informazioni stanza parziale
id_della_stanza_XML_GT = fe6efacb-233c-435d-aeb8-bafee63e54bf
id_della_stanza_XML_predizione = 1ab5ebcc-6d71-11e8-ade5-080027eeca92
area_predetta = 25001.0682696
area_vera= 18548.0222131
area_vera_esplorata = 514.844715021
percentuale_area_vera_esplorata = 2.77573915486
percentuale_area_totale_ambiente_esplorata_bwd = 67.942482441
percentuale_area_totale_ambiente_esplorata_fwd = 51.5830860344
percentuale_matching_mappa_bwd = 90.3481088742
percentuale_matching_mappa_fwd = 68.5938179717
area_intersezione_tra_stanza_originale_e_stanza_predetta = 17841.3476336
area_unione_tra_stanza_originale_e_stanza_predetta = 26222.5875641
IoU = 0.680380896431
area_stanza_GT_esplorata = 0.034611460071
area_mappa_GT_intersezione_contorno = 0.574612512279
IoU filtrato dal contorno = 0.67987250931
tocco bordo = True
IoU_filtrata_2 = 0.961900273174
