./data/OUTPUT/PARZIALI/south_mountain_school_2_updated130//./data/INPUT/IMGs/PARZIALI/south_mountain_school_2_updated130.png
n_configurazione = 2
perc_mappa_bwd = 84.8015755263%
perc_mappa_fwd = 68.9905249291%
perc_GT_bwd = 62.1844353449%
perc_GT_fwd = 50.5902963504%

------------------------
 informazioni stanza parziale
id_della_stanza_XML_GT = 919b6985-f1b0-4b60-855a-750ffeb7273b
id_della_stanza_XML_predizione = 1ab5ebca-6d71-11e8-ade5-080027eeca92
area_predetta = 2934.11703684
area_vera= 46743.8570452
area_vera_esplorata = 7714.90507871
percentuale_area_vera_esplorata = 16.5046394679
percentuale_area_totale_ambiente_esplorata_bwd = 62.1844353449
percentuale_area_totale_ambiente_esplorata_fwd = 50.5902963504
percentuale_matching_mappa_bwd = 84.8015755263
percentuale_matching_mappa_fwd = 68.9905249291
area_intersezione_tra_stanza_originale_e_stanza_predetta = 9513.9964341
area_unione_tra_stanza_originale_e_stanza_predetta = 47878.8827266
IoU = 0.198709658461
area_stanza_GT_esplorata = 0.615749188632
area_mappa_GT_intersezione_contorno = 0.550453352724
IoU filtrato dal contorno = 0.112825457831
tocco bordo = True
IoU_filtrata_2 = 0.203532496533
------------------------
 informazioni stanza parziale
id_della_stanza_XML_GT = 61134256-8252-41ee-9035-1436fdd5b61e
id_della_stanza_XML_predizione = 1ab5ebc7-6d71-11e8-ade5-080027eeca92
area_predetta = 5165.74320318
area_vera= 89725.2517484
area_vera_esplorata = 78253.8269057
percentuale_area_vera_esplorata = 87.2149427066
percentuale_area_totale_ambiente_esplorata_bwd = 62.1844353449
percentuale_area_totale_ambiente_esplorata_fwd = 50.5902963504
percentuale_matching_mappa_bwd = 84.8015755263
percentuale_matching_mappa_fwd = 68.9905249291
area_intersezione_tra_stanza_originale_e_stanza_predetta = 80131.5732113
area_unione_tra_stanza_originale_e_stanza_predetta = 93013.248646
IoU = 0.861507090417
area_stanza_GT_esplorata = 0.870781747885
area_mappa_GT_intersezione_contorno = 0.550453352724
IoU filtrato dal contorno = 0.416330018807
tocco bordo = False
IoU_filtrata_2 = 0.886819876874
------------------------
 informazioni stanza parziale
id_della_stanza_XML_GT = fe6efacb-233c-435d-aeb8-bafee63e54bf
id_della_stanza_XML_predizione = 1ab5ebcc-6d71-11e8-ade5-080027eeca92
area_predetta = 25001.0682696
area_vera= 19021.386822
area_vera_esplorata = 514.844715021
percentuale_area_vera_esplorata = 2.70666234718
percentuale_area_totale_ambiente_esplorata_bwd = 62.1844353449
percentuale_area_totale_ambiente_esplorata_fwd = 50.5902963504
percentuale_matching_mappa_bwd = 84.8015755263
percentuale_matching_mappa_fwd = 68.9905249291
area_intersezione_tra_stanza_originale_e_stanza_predetta = 18138.2872009
area_unione_tra_stanza_originale_e_stanza_predetta = 26399.0126057
IoU = 0.687082031127
area_stanza_GT_esplorata = 0.0450855572115
area_mappa_GT_intersezione_contorno = 0.550453352724
IoU filtrato dal contorno = 0.688069497274
tocco bordo = True
IoU_filtrata_2 = 0.852381889535
