./data/OUTPUT/SCHOOL/Sicurezza_1_updated//./data/INPUT/IMGs/SCHOOL/Sicurezza_1_updated.png
accuracy_bc = 0.825625675822 +- 0.129465298504
accuracy_bc_pixels = 0.858096415951
accuracy_fc = 0.796225102398 +- 0.024207337086
accuracy_fc_pixels = 0.830082178255

