./data/OUTPUT/PARZIALI/Valleceppi_P0_updated80//./data/INPUT/IMGs/PARZIALI/Valleceppi_P0_updated80.png
n_configurazione = 47
perc_mappa_bwd = 94.0362744195%
perc_mappa_fwd = 87.4741460937%
perc_GT_bwd = 60.9098407494%
perc_GT_fwd = 56.6593725788%

------------------------
 informazioni stanza parziale
id_della_stanza_XML_GT = 2a0cfb21-2c7b-45a4-b8ce-0959b8ba7af2
id_della_stanza_XML_predizione = c9ba2390-7dfa-11e8-95a4-080027eeca92
area_predetta = 12613.2862366
area_vera= 33669.4914489
area_vera_esplorata = 21025.1910728
percentuale_area_vera_esplorata = 62.4458231119
percentuale_area_totale_ambiente_esplorata_bwd = 60.9098407494
percentuale_area_totale_ambiente_esplorata_fwd = 56.6593725788
percentuale_matching_mappa_bwd = 94.0362744195
percentuale_matching_mappa_fwd = 87.4741460937
area_intersezione_tra_stanza_originale_e_stanza_predetta = 30692.0834823
area_unione_tra_stanza_originale_e_stanza_predetta = 36615.8852761
IoU = 0.83821770936
area_stanza_GT_esplorata = 0.609835082381
area_mappa_GT_intersezione_contorno = 0.512176664703
IoU filtrato dal contorno = 0.65162245237
tocco bordo = False
IoU_filtrata_2 = 0.909921320972
------------------------
 informazioni stanza parziale
id_della_stanza_XML_GT = d8055e97-78db-408a-afd0-95b9e415ca98
id_della_stanza_XML_predizione = c9ba239b-7dfa-11e8-95a4-080027eeca92
area_predetta = 5692.77177838
area_vera= 6290.94719762
area_vera_esplorata = 1582.31222463
percentuale_area_vera_esplorata = 25.1522095945
percentuale_area_totale_ambiente_esplorata_bwd = 60.9098407494
percentuale_area_totale_ambiente_esplorata_fwd = 56.6593725788
percentuale_matching_mappa_bwd = 94.0362744195
percentuale_matching_mappa_fwd = 87.4741460937
area_intersezione_tra_stanza_originale_e_stanza_predetta = 4231.51865869
area_unione_tra_stanza_originale_e_stanza_predetta = 9334.51254194
IoU = 0.453319725019
area_stanza_GT_esplorata = 0.0800185255761
area_mappa_GT_intersezione_contorno = 0.512176664703
IoU filtrato dal contorno = 0.550459357269
tocco bordo = False
IoU_filtrata_2 = 0.667974417774
------------------------
 informazioni stanza parziale
id_della_stanza_XML_GT = d3c47541-2039-49d0-8472-4c0c55b619b5
id_della_stanza_XML_predizione = c9ba238f-7dfa-11e8-95a4-080027eeca92
area_predetta = 13553.9299827
area_vera= 25203.4351676
area_vera_esplorata = 19055.6240071
percentuale_area_vera_esplorata = 75.6072490927
percentuale_area_totale_ambiente_esplorata_bwd = 60.9098407494
percentuale_area_totale_ambiente_esplorata_fwd = 56.6593725788
percentuale_matching_mappa_bwd = 94.0362744195
percentuale_matching_mappa_fwd = 87.4741460937
area_intersezione_tra_stanza_originale_e_stanza_predetta = 19607.3831878
area_unione_tra_stanza_originale_e_stanza_predetta = 38205.6059697
IoU = 0.513206967672
area_stanza_GT_esplorata = 0.833404105121
area_mappa_GT_intersezione_contorno = 0.512176664703
IoU filtrato dal contorno = 0.0543506887
tocco bordo = False
IoU_filtrata_2 = 0.774480995923
