./data/OUTPUT/PARZIALI/Valleceppi_P0_updated80//./data/INPUT/IMGs/PARZIALI/Valleceppi_P0_updated80.png
n_configurazione = 44
perc_mappa_bwd = 92.0416491352%
perc_mappa_fwd = 85.6970414129%
perc_GT_bwd = 63.7960726728%
perc_GT_fwd = 59.3984868067%

------------------------
 informazioni stanza parziale
id_della_stanza_XML_GT = 2a0cfb21-2c7b-45a4-b8ce-0959b8ba7af2
id_della_stanza_XML_predizione = c9ba2390-7dfa-11e8-95a4-080027eeca92
area_predetta = 12613.2862366
area_vera= 31464.3709424
area_vera_esplorata = 21025.1910728
percentuale_area_vera_esplorata = 66.8222196825
percentuale_area_totale_ambiente_esplorata_bwd = 63.7960726728
percentuale_area_totale_ambiente_esplorata_fwd = 59.3984868067
percentuale_matching_mappa_bwd = 92.0416491352
percentuale_matching_mappa_fwd = 85.6970414129
area_intersezione_tra_stanza_originale_e_stanza_predetta = 30427.3211
area_unione_tra_stanza_originale_e_stanza_predetta = 34675.5271519
IoU = 0.87748690789
area_stanza_GT_esplorata = 0.658331158355
area_mappa_GT_intersezione_contorno = 0.535442171487
IoU filtrato dal contorno = 0.714351206482
tocco bordo = False
IoU_filtrata_2 = 0.940530388395
------------------------
 informazioni stanza parziale
id_della_stanza_XML_GT = d8055e97-78db-408a-afd0-95b9e415ca98
id_della_stanza_XML_predizione = c9ba239b-7dfa-11e8-95a4-080027eeca92
area_predetta = 5692.77177838
area_vera= 5878.93335145
area_vera_esplorata = 1582.31222463
percentuale_area_vera_esplorata = 26.9149542959
percentuale_area_totale_ambiente_esplorata_bwd = 63.7960726728
percentuale_area_totale_ambiente_esplorata_fwd = 59.3984868067
percentuale_matching_mappa_bwd = 92.0416491352
percentuale_matching_mappa_fwd = 85.6970414129
area_intersezione_tra_stanza_originale_e_stanza_predetta = 4021.43928345
area_unione_tra_stanza_originale_e_stanza_predetta = 9132.57807101
IoU = 0.440339984195
area_stanza_GT_esplorata = 0.0677841572148
area_mappa_GT_intersezione_contorno = 0.535442171487
IoU filtrato dal contorno = 0.538180413021
tocco bordo = False
IoU_filtrata_2 = 0.669223759984
------------------------
 informazioni stanza parziale
id_della_stanza_XML_GT = d3c47541-2039-49d0-8472-4c0c55b619b5
id_della_stanza_XML_predizione = c9ba238f-7dfa-11e8-95a4-080027eeca92
area_predetta = 13553.9299827
area_vera= 23552.7832175
area_vera_esplorata = 19055.6240071
percentuale_area_vera_esplorata = 80.9060391343
percentuale_area_totale_ambiente_esplorata_bwd = 63.7960726728
percentuale_area_totale_ambiente_esplorata_fwd = 59.3984868067
percentuale_matching_mappa_bwd = 92.0416491352
percentuale_matching_mappa_fwd = 85.6970414129
area_intersezione_tra_stanza_originale_e_stanza_predetta = 19608.2950277
area_unione_tra_stanza_originale_e_stanza_predetta = 36554.0421796
IoU = 0.536419335826
area_stanza_GT_esplorata = 0.873744502995
area_mappa_GT_intersezione_contorno = 0.535442171487
IoU filtrato dal contorno = 0.0603532518618
tocco bordo = False
IoU_filtrata_2 = 0.797709638741
