./data/OUTPUT/PARZIALI/Valleceppi_P1_updated140//./data/INPUT/IMGs/PARZIALI/Valleceppi_P1_updated140.png
n_configurazione = 52
perc_mappa_bwd = 93.6986660609%
perc_mappa_fwd = 90.5100901551%
perc_GT_bwd = 91.6222222733%
perc_GT_fwd = 88.5043079779%

------------------------
 informazioni stanza parziale
id_della_stanza_XML_GT = 104d40b1-bfca-440e-a184-35e548e21935
id_della_stanza_XML_predizione = 78dac3da-6a62-11e8-9773-080027eeca92
area_predetta = 6138.0503316
area_vera= 25111.3079327
area_vera_esplorata = 17994.2829909
percentuale_area_vera_esplorata = 71.6580874206
percentuale_area_totale_ambiente_esplorata_bwd = 91.6222222733
percentuale_area_totale_ambiente_esplorata_fwd = 88.5043079779
percentuale_matching_mappa_bwd = 93.6986660609
percentuale_matching_mappa_fwd = 90.5100901551
area_intersezione_tra_stanza_originale_e_stanza_predetta = 23927.8677012
area_unione_tra_stanza_originale_e_stanza_predetta = 25315.7735541
IoU = 0.945176241606
area_stanza_GT_esplorata = 0.717515385734
area_mappa_GT_intersezione_contorno = 0.867982722647
IoU filtrato dal contorno = 0.820572537295
tocco bordo = False
IoU_filtrata_2 = 0.952872218574
