./data/OUTPUT/SCHOOL/Valleceppi_P1_updated//./data/INPUT/IMGs/SCHOOL/Valleceppi_P1_updated.png
accuracy_bc = 0.914927586823 +- 0.0454112496766
accuracy_bc_pixels = 0.91567057822
accuracy_fc = 0.917977092488 +- 0.00987512974166
accuracy_fc_pixels = 0.959289205187

