./data/OUTPUT/PARZIALI/scuola_sconosciuta_3_updated50//./data/INPUT/IMGs/PARZIALI/scuola_sconosciuta_3_updated50.png
n_configurazione = 9
perc_mappa_bwd = 97.7051633355%
perc_mappa_fwd = 89.7268192354%
perc_GT_bwd = 44.6403048064%
perc_GT_fwd = 40.9950960956%

------------------------
 informazioni stanza parziale
id_della_stanza_XML_GT = a7b82e09-29d1-49c1-8aa0-1647c741baf2
id_della_stanza_XML_predizione = 640583a9-6d59-11e8-ade5-080027eeca92
area_predetta = 6052.6993093
area_vera= 35148.3337043
area_vera_esplorata = 48714.0306846
percentuale_area_vera_esplorata = 138.595562152
percentuale_area_totale_ambiente_esplorata_bwd = 44.6403048064
percentuale_area_totale_ambiente_esplorata_fwd = 40.9950960956
percentuale_matching_mappa_bwd = 97.7051633355
percentuale_matching_mappa_fwd = 89.7268192354
area_intersezione_tra_stanza_originale_e_stanza_predetta = 33907.9808548
area_unione_tra_stanza_originale_e_stanza_predetta = 56007.0828434
IoU = 0.605423084605
area_stanza_GT_esplorata = 0.885018503532
area_mappa_GT_intersezione_contorno = 0.408542124516
IoU filtrato dal contorno = 0.407424482497
tocco bordo = False
IoU_filtrata_2 = 0.962546762695
------------------------
 informazioni stanza parziale
id_della_stanza_XML_GT = 590f12d9-048b-4408-9515-9e0daa4f249b
id_della_stanza_XML_predizione = 640583ac-6d59-11e8-ade5-080027eeca92
area_predetta = 5572.42737042
area_vera= 149923.753645
area_vera_esplorata = 52394.4450916
percentuale_area_vera_esplorata = 34.9473941371
percentuale_area_totale_ambiente_esplorata_bwd = 44.6403048064
percentuale_area_totale_ambiente_esplorata_fwd = 40.9950960956
percentuale_matching_mappa_bwd = 97.7051633355
percentuale_matching_mappa_fwd = 89.7268192354
area_intersezione_tra_stanza_originale_e_stanza_predetta = 57734.1778557
area_unione_tra_stanza_originale_e_stanza_predetta = 150156.448252
IoU = 0.384493496802
area_stanza_GT_esplorata = 0.351965602877
area_mappa_GT_intersezione_contorno = 0.408542124516
IoU filtrato dal contorno = 0.0563946414376
tocco bordo = True
IoU_filtrata_2 = 0.384681715753
------------------------
 informazioni stanza parziale
id_della_stanza_XML_GT = 37e3c252-8fd6-4717-8058-2072d6138c3f
id_della_stanza_XML_predizione = 640583ad-6d59-11e8-ade5-080027eeca92
area_predetta = 5151.80615018
area_vera= 33750.3886137
area_vera_esplorata = 30160.4018798
percentuale_area_vera_esplorata = 89.3631247479
percentuale_area_totale_ambiente_esplorata_bwd = 44.6403048064
percentuale_area_totale_ambiente_esplorata_fwd = 40.9950960956
percentuale_matching_mappa_bwd = 97.7051633355
percentuale_matching_mappa_fwd = 89.7268192354
area_intersezione_tra_stanza_originale_e_stanza_predetta = 33723.3019931
area_unione_tra_stanza_originale_e_stanza_predetta = 35339.2946506
IoU = 0.954272073805
area_stanza_GT_esplorata = 0.889948416532
area_mappa_GT_intersezione_contorno = 0.408542124516
IoU filtrato dal contorno = 0.7119662932
tocco bordo = False
IoU_filtrata_2 = 0.999197442703
