./data/OUTPUT/PARZIALI/battle_creekhs_2_updated50//./data/INPUT/IMGs/PARZIALI/battle_creekhs_2_updated50.png
n_configurazione = 25
perc_mappa_bwd = 90.6983124495%
perc_mappa_fwd = 79.3601328697%
perc_GT_bwd = 43.2665301008%
perc_GT_fwd = 37.8577890247%

------------------------
 informazioni stanza parziale
id_della_stanza_XML_GT = 39f90a35-71f5-4d79-89fc-5b9916ef4860
id_della_stanza_XML_predizione = 2c25ad38-7df7-11e8-95a4-080027eeca92
area_predetta = 3861.95254451
area_vera= 42120.2964194
area_vera_esplorata = 35533.9365582
percentuale_area_vera_esplorata = 84.3629783714
percentuale_area_totale_ambiente_esplorata_bwd = 43.2665301008
percentuale_area_totale_ambiente_esplorata_fwd = 37.8577890247
percentuale_matching_mappa_bwd = 90.6983124495
percentuale_matching_mappa_fwd = 79.3601328697
area_intersezione_tra_stanza_originale_e_stanza_predetta = 38809.0308603
area_unione_tra_stanza_originale_e_stanza_predetta = 42707.1546618
IoU = 0.908724338291
area_stanza_GT_esplorata = 0.834982938356
area_mappa_GT_intersezione_contorno = 0.40122769187
IoU filtrato dal contorno = 0.507414085098
tocco bordo = True
IoU_filtrata_2 = 0.910059875364
------------------------
 informazioni stanza parziale
id_della_stanza_XML_GT = 2131d157-c89d-40c5-b2f1-c76b3e24c740
id_della_stanza_XML_predizione = 2c25ad41-7df7-11e8-95a4-080027eeca92
area_predetta = 2363.89900941
area_vera= 55021.4355107
area_vera_esplorata = 24373.5022409
percentuale_area_vera_esplorata = 44.2981939941
percentuale_area_totale_ambiente_esplorata_bwd = 43.2665301008
percentuale_area_totale_ambiente_esplorata_fwd = 37.8577890247
percentuale_matching_mappa_bwd = 90.6983124495
percentuale_matching_mappa_fwd = 79.3601328697
area_intersezione_tra_stanza_originale_e_stanza_predetta = 26680.3534874
area_unione_tra_stanza_originale_e_stanza_predetta = 55078.4832736
IoU = 0.484406103831
area_stanza_GT_esplorata = 0.454575847452
area_mappa_GT_intersezione_contorno = 0.40122769187
IoU filtrato dal contorno = 0.0784742337784
tocco bordo = True
IoU_filtrata_2 = 0.484399007722
------------------------
 informazioni stanza parziale
id_della_stanza_XML_GT = 16d16958-d9ab-4fda-bbfb-5251b3d5bee3
id_della_stanza_XML_predizione = 2c25ad3f-7df7-11e8-95a4-080027eeca92
area_predetta = 7895.05580956
area_vera= 10991.9654853
area_vera_esplorata = 3933.15218019
percentuale_area_vera_esplorata = 35.782064504
percentuale_area_totale_ambiente_esplorata_bwd = 43.2665301008
percentuale_area_totale_ambiente_esplorata_fwd = 37.8577890247
percentuale_matching_mappa_bwd = 90.6983124495
percentuale_matching_mappa_fwd = 79.3601328697
area_intersezione_tra_stanza_originale_e_stanza_predetta = 10989.0124807
area_unione_tra_stanza_originale_e_stanza_predetta = 11831.1609943
IoU = 0.928819452795
area_stanza_GT_esplorata = 0.351058824841
area_mappa_GT_intersezione_contorno = 0.40122769187
IoU filtrato dal contorno = 0.927637830441
tocco bordo = False
IoU_filtrata_2 = 0.992541401262
