./data/OUTPUT/SCHOOL/sidneyriver_updated//./data/INPUT/IMGs/SCHOOL/sidneyriver_updated.png
accuracy_bc = 0.923005466616 +- 0.0530519699662
accuracy_bc_pixels = 0.927759903673
accuracy_fc = 0.791667066129 +- 0.0658221252183
accuracy_fc_pixels = 0.855936378229

