./data/OUTPUT/PARZIALI/plans2_updated80//./data/INPUT/IMGs/PARZIALI/plans2_updated80.png
n_configurazione = 5
perc_mappa_bwd = 86.0458618544%
perc_mappa_fwd = 60.1719568232%
perc_GT_bwd = 83.005214024%
perc_GT_fwd = 58.0456287695%

------------------------
 informazioni stanza parziale
id_della_stanza_XML_GT = 97c6b11a-d61a-43f5-b1ff-fe83814d38ec
id_della_stanza_XML_predizione = b122e162-7565-11e8-95a4-080027eeca92
area_predetta = 2947.50383959
area_vera= 73692.7126927
area_vera_esplorata = 113603.015385
percentuale_area_vera_esplorata = 154.157733151
percentuale_area_totale_ambiente_esplorata_bwd = 83.005214024
percentuale_area_totale_ambiente_esplorata_fwd = 58.0456287695
percentuale_matching_mappa_bwd = 86.0458618544
percentuale_matching_mappa_fwd = 60.1719568232
area_intersezione_tra_stanza_originale_e_stanza_predetta = 71977.6116817
area_unione_tra_stanza_originale_e_stanza_predetta = 118265.620235
IoU = 0.608609767897
area_stanza_GT_esplorata = 1.0
area_mappa_GT_intersezione_contorno = 0.808297404895
IoU filtrato dal contorno = 0.0
tocco bordo = False
IoU_filtrata_2 = 0.790037497291
------------------------
 informazioni stanza parziale
id_della_stanza_XML_GT = 18f178ba-f029-4b2f-9e0c-de8709d2b86c
id_della_stanza_XML_predizione = b122e168-7565-11e8-95a4-080027eeca92
area_predetta = 6404.07720546
area_vera= 29821.6036266
area_vera_esplorata = 42501.4472739
percentuale_area_vera_esplorata = 142.518986591
percentuale_area_totale_ambiente_esplorata_bwd = 83.005214024
percentuale_area_totale_ambiente_esplorata_fwd = 58.0456287695
percentuale_matching_mappa_bwd = 86.0458618544
percentuale_matching_mappa_fwd = 60.1719568232
area_intersezione_tra_stanza_originale_e_stanza_predetta = 27316.2816628
area_unione_tra_stanza_originale_e_stanza_predetta = 51410.8464432
IoU = 0.53133304648
area_stanza_GT_esplorata = 0.888023462443
area_mappa_GT_intersezione_contorno = 0.808297404895
IoU filtrato dal contorno = 0.102457078433
tocco bordo = False
IoU_filtrata_2 = 0.890803433072
