./data/OUTPUT/PARZIALI/Valleceppi_P0_updated100//./data/INPUT/IMGs/PARZIALI/Valleceppi_P0_updated100.png
n_configurazione = 45
perc_mappa_bwd = 95.6945130841%
perc_mappa_fwd = 83.2129999037%
perc_GT_bwd = 75.1189508992%
perc_GT_fwd = 65.3211250309%

------------------------
 informazioni stanza parziale
id_della_stanza_XML_GT = 8b445b57-9fb4-4937-9d74-3eb02337b1a4
id_della_stanza_XML_predizione = 7250e37f-8448-11e8-95a4-080027eeca92
area_predetta = 20770.8887992
area_vera= 53762.5160831
area_vera_esplorata = 26343.1836828
percentuale_area_vera_esplorata = 48.9991644774
percentuale_area_totale_ambiente_esplorata_bwd = 75.1189508992
percentuale_area_totale_ambiente_esplorata_fwd = 65.3211250309
percentuale_matching_mappa_bwd = 95.6945130841
percentuale_matching_mappa_fwd = 83.2129999037
area_intersezione_tra_stanza_originale_e_stanza_predetta = 46626.5870927
area_unione_tra_stanza_originale_e_stanza_predetta = 54250.0014723
IoU = 0.859476236448
area_stanza_GT_esplorata = 0.491848261713
area_mappa_GT_intersezione_contorno = 0.619517926798
IoU filtrato dal contorno = 0.72678881076
tocco bordo = False
IoU_filtrata_2 = 0.865907637412
------------------------
 informazioni stanza parziale
id_della_stanza_XML_GT = 2a0cfb21-2c7b-45a4-b8ce-0959b8ba7af2
id_della_stanza_XML_predizione = 7250e37b-8448-11e8-95a4-080027eeca92
area_predetta = 13205.3480164
area_vera= 32929.6123788
area_vera_esplorata = 20746.1819312
percentuale_area_vera_esplorata = 63.0015977489
percentuale_area_totale_ambiente_esplorata_bwd = 75.1189508992
percentuale_area_totale_ambiente_esplorata_fwd = 65.3211250309
percentuale_matching_mappa_bwd = 95.6945130841
percentuale_matching_mappa_fwd = 83.2129999037
area_intersezione_tra_stanza_originale_e_stanza_predetta = 31099.3181802
area_unione_tra_stanza_originale_e_stanza_predetta = 35781.8241461
IoU = 0.869137304267
area_stanza_GT_esplorata = 0.648211248876
area_mappa_GT_intersezione_contorno = 0.619517926798
IoU filtrato dal contorno = 0.731849664706
tocco bordo = False
IoU_filtrata_2 = 0.943357566787
------------------------
 informazioni stanza parziale
id_della_stanza_XML_GT = fd01a700-6fa5-443a-9048-08d9f1af4c74
id_della_stanza_XML_predizione = 7250e386-8448-11e8-95a4-080027eeca92
area_predetta = 2856.32930166
area_vera= 2855.67630063
area_vera_esplorata = 1365.65802976
percentuale_area_vera_esplorata = 47.8225781213
percentuale_area_totale_ambiente_esplorata_bwd = 75.1189508992
percentuale_area_totale_ambiente_esplorata_fwd = 65.3211250309
percentuale_matching_mappa_bwd = 95.6945130841
percentuale_matching_mappa_fwd = 83.2129999037
area_intersezione_tra_stanza_originale_e_stanza_predetta = 2747.39121649
area_unione_tra_stanza_originale_e_stanza_predetta = 4330.27241555
IoU = 0.634461519471
area_stanza_GT_esplorata = 0.460059694389
area_mappa_GT_intersezione_contorno = 0.619517926798
IoU filtrato dal contorno = 0.490498042391
tocco bordo = False
IoU_filtrata_2 = 0.952007008657
