./data/OUTPUT/PARZIALI/sidneyriver_updated30//./data/INPUT/IMGs/PARZIALI/sidneyriver_updated30.png
n_configurazione = 8
perc_mappa_bwd = 82.5224869299%
perc_mappa_fwd = 32.3656708189%
perc_GT_bwd = 30.6365192357%
perc_GT_fwd = 12.0157733184%

------------------------
 informazioni stanza parziale
id_della_stanza_XML_GT = 6e467329-6d5b-4523-8454-193af31cf93d
id_della_stanza_XML_predizione = c641e396-6d80-11e8-ade5-080027eeca92
area_predetta = 18098.7142833
area_vera= 65569.7453968
area_vera_esplorata = 217203.159328
percentuale_area_vera_esplorata = 331.25515131
percentuale_area_totale_ambiente_esplorata_bwd = 30.6365192357
percentuale_area_totale_ambiente_esplorata_fwd = 12.0157733184
percentuale_matching_mappa_bwd = 82.5224869299
percentuale_matching_mappa_fwd = 32.3656708189
area_intersezione_tra_stanza_originale_e_stanza_predetta = 57641.6562877
area_unione_tra_stanza_originale_e_stanza_predetta = 243229.96272
IoU = 0.23698419242
area_stanza_GT_esplorata = 0.841195346445
area_mappa_GT_intersezione_contorno = 0.294824747994
IoU filtrato dal contorno = 0.0985101598201
tocco bordo = True
IoU_filtrata_2 = 0.53948643112
