./data/OUTPUT/PARZIALI/Sicurezza_1_updated190//./data/INPUT/IMGs/PARZIALI/Sicurezza_1_updated190.png
n_configurazione = 59
perc_mappa_bwd = 83.053346836%
perc_mappa_fwd = 66.8605521821%
perc_GT_bwd = 79.352470391%
perc_GT_fwd = 63.8812304317%

------------------------
 informazioni stanza parziale
id_della_stanza_XML_GT = f126168f-b746-4e18-8412-6d8786f7d588
id_della_stanza_XML_predizione = 0e2a0f05-6b00-11e8-9773-080027eeca92
area_predetta = 37550.3934286
area_vera= 92385.5298243
area_vera_esplorata = 39973.6008965
percentuale_area_vera_esplorata = 43.2682487967
percentuale_area_totale_ambiente_esplorata_bwd = 79.352470391
percentuale_area_totale_ambiente_esplorata_fwd = 63.8812304317
percentuale_matching_mappa_bwd = 83.053346836
percentuale_matching_mappa_fwd = 66.8605521821
area_intersezione_tra_stanza_originale_e_stanza_predetta = 51140.171571
area_unione_tra_stanza_originale_e_stanza_predetta = 118769.352578
IoU = 0.430583904524
area_stanza_GT_esplorata = 0.450231835159
area_mappa_GT_intersezione_contorno = 0.744959716319
IoU filtrato dal contorno = 0.144203262991
tocco bordo = False
IoU_filtrata_2 = 0.430583904524
------------------------
 informazioni stanza parziale
id_della_stanza_XML_GT = 056db688-8665-4ebd-846d-02b3fc658d4d
id_della_stanza_XML_predizione = 0e2a0f00-6b00-11e8-9773-080027eeca92
area_predetta = 3014.63089546
area_vera= 7674.4383383
area_vera_esplorata = 5793.12880202
percentuale_area_vera_esplorata = 75.4860296825
percentuale_area_totale_ambiente_esplorata_bwd = 79.352470391
percentuale_area_totale_ambiente_esplorata_fwd = 63.8812304317
percentuale_matching_mappa_bwd = 83.053346836
percentuale_matching_mappa_fwd = 66.8605521821
area_intersezione_tra_stanza_originale_e_stanza_predetta = 6166.5308903
area_unione_tra_stanza_originale_e_stanza_predetta = 10315.6671455
IoU = 0.59778304237
area_stanza_GT_esplorata = 0.799100165704
area_mappa_GT_intersezione_contorno = 0.744959716319
IoU filtrato dal contorno = 0.199136023347
tocco bordo = False
IoU_filtrata_2 = 0.647623067583
------------------------
 informazioni stanza parziale
id_della_stanza_XML_GT = da8023ac-824f-4467-8046-690df018cc81
id_della_stanza_XML_predizione = 0e2a0f07-6b00-11e8-9773-080027eeca92
area_predetta = 1679.80027344
area_vera= 3295.10589587
area_vera_esplorata = 4969.34492455
percentuale_area_vera_esplorata = 150.809870201
percentuale_area_totale_ambiente_esplorata_bwd = 79.352470391
percentuale_area_totale_ambiente_esplorata_fwd = 63.8812304317
percentuale_matching_mappa_bwd = 83.053346836
percentuale_matching_mappa_fwd = 66.8605521821
area_intersezione_tra_stanza_originale_e_stanza_predetta = 2258.41885904
area_unione_tra_stanza_originale_e_stanza_predetta = 7685.83223482
IoU = 0.293841810495
area_stanza_GT_esplorata = 0.724863303274
area_mappa_GT_intersezione_contorno = 0.744959716319
IoU filtrato dal contorno = 0.162223275734
tocco bordo = False
IoU_filtrata_2 = 0.570109483034
