./data/OUTPUT/SCHOOL/SKF_FloorPlan_updated//./data/INPUT/IMGs/SCHOOL/SKF_FloorPlan_updated.png
accuracy_bc = 0.742775147865 +- 0.152649926531
accuracy_bc_pixels = 0.849752100984
accuracy_fc = 0.76982343105 +- 0.0224937983389
accuracy_fc_pixels = 0.86812951281

