./data/OUTPUT/PARZIALI/south_mountain_school_2_updated150//./data/INPUT/IMGs/PARZIALI/south_mountain_school_2_updated150.png
n_configurazione = 15
perc_mappa_bwd = 78.5045049763%
perc_mappa_fwd = 66.5536949593%
perc_GT_bwd = 66.4635019921%
perc_GT_fwd = 56.345704477%

------------------------
 informazioni stanza parziale
id_della_stanza_XML_GT = 919b6985-f1b0-4b60-855a-750ffeb7273b
id_della_stanza_XML_predizione = 7373451b-6d71-11e8-ade5-080027eeca92
area_predetta = 4460.84218244
area_vera= 40192.3861952
area_vera_esplorata = 26624.5073375
percentuale_area_vera_esplorata = 66.2426639916
percentuale_area_totale_ambiente_esplorata_bwd = 66.4635019921
percentuale_area_totale_ambiente_esplorata_fwd = 56.345704477
percentuale_matching_mappa_bwd = 78.5045049763
percentuale_matching_mappa_fwd = 66.5536949593
area_intersezione_tra_stanza_originale_e_stanza_predetta = 16428.7019031
area_unione_tra_stanza_originale_e_stanza_predetta = 54849.033812
IoU = 0.299525821355
area_stanza_GT_esplorata = 0.784671502813
area_mappa_GT_intersezione_contorno = 0.692198924967
IoU filtrato dal contorno = 0.280576832474
tocco bordo = True
IoU_filtrata_2 = 0.357390194611
------------------------
 informazioni stanza parziale
id_della_stanza_XML_GT = 61134256-8252-41ee-9035-1436fdd5b61e
id_della_stanza_XML_predizione = 7373451f-6d71-11e8-ade5-080027eeca92
area_predetta = 7414.66394184
area_vera= 77149.6448452
area_vera_esplorata = 75673.3487796
percentuale_area_vera_esplorata = 98.0864512487
percentuale_area_totale_ambiente_esplorata_bwd = 66.4635019921
percentuale_area_totale_ambiente_esplorata_fwd = 56.345704477
percentuale_matching_mappa_bwd = 78.5045049763
percentuale_matching_mappa_fwd = 66.5536949593
area_intersezione_tra_stanza_originale_e_stanza_predetta = 71324.2497053
area_unione_tra_stanza_originale_e_stanza_predetta = 88913.4078614
IoU = 0.802176538059
area_stanza_GT_esplorata = 0.912242637925
area_mappa_GT_intersezione_contorno = 0.692198924967
IoU filtrato dal contorno = 0.56533307531
tocco bordo = False
IoU_filtrata_2 = 0.835473022969
------------------------
 informazioni stanza parziale
id_della_stanza_XML_GT = 2587af1d-bfda-4522-a407-21fc7d51ce21
id_della_stanza_XML_predizione = 73734521-6d71-11e8-ade5-080027eeca92
area_predetta = 3293.00642715
area_vera= 5527.02684164
area_vera_esplorata = 3186.59349689
percentuale_area_vera_esplorata = 57.6547497993
percentuale_area_totale_ambiente_esplorata_bwd = 66.4635019921
percentuale_area_totale_ambiente_esplorata_fwd = 56.345704477
percentuale_matching_mappa_bwd = 78.5045049763
percentuale_matching_mappa_fwd = 66.5536949593
area_intersezione_tra_stanza_originale_e_stanza_predetta = 5488.53068647
area_unione_tra_stanza_originale_e_stanza_predetta = 6518.09607921
IoU = 0.842045072637
area_stanza_GT_esplorata = 0.575312499841
area_mappa_GT_intersezione_contorno = 0.692198924967
IoU filtrato dal contorno = 0.711054946672
tocco bordo = False
IoU_filtrata_2 = 0.993034925236
