./data/OUTPUT/PARZIALI/battle_creekhs_1_updated120//./data/INPUT/IMGs/PARZIALI/battle_creekhs_1_updated120.png
n_configurazione = 24
perc_mappa_bwd = 93.004497931%
perc_mappa_fwd = 81.7723683865%
perc_GT_bwd = 84.9334091655%
perc_GT_fwd = 74.676022957%

------------------------
 informazioni stanza parziale
id_della_stanza_XML_GT = 141e82b2-58ed-4e5d-9e57-08e40e41aeb5
id_della_stanza_XML_predizione = 59d0643f-6b2b-11e8-9773-080027eeca92
area_predetta = 13315.2670618
area_vera= 12434.1220655
area_vera_esplorata = 18853.1341151
percentuale_area_vera_esplorata = 151.624167881
percentuale_area_totale_ambiente_esplorata_bwd = 84.9334091655
percentuale_area_totale_ambiente_esplorata_fwd = 74.676022957
percentuale_matching_mappa_bwd = 93.004497931
percentuale_matching_mappa_fwd = 81.7723683865
area_intersezione_tra_stanza_originale_e_stanza_predetta = 11208.6794672
area_unione_tra_stanza_originale_e_stanza_predetta = 33393.8437752
IoU = 0.335651072174
area_stanza_GT_esplorata = 0.0966303724249
area_mappa_GT_intersezione_contorno = 0.764030067162
IoU filtrato dal contorno = 0.729418715922
tocco bordo = False
IoU_filtrata_2 = 0.845205717406
------------------------
 informazioni stanza parziale
id_della_stanza_XML_GT = 39b7861e-1601-4895-a2bc-44b4cd8d571d
id_della_stanza_XML_predizione = 59d06435-6b2b-11e8-9773-080027eeca92
area_predetta = 3534.54808336
area_vera= 19815.4336062
area_vera_esplorata = 15134.6733554
percentuale_area_vera_esplorata = 76.3782093098
percentuale_area_totale_ambiente_esplorata_bwd = 84.9334091655
percentuale_area_totale_ambiente_esplorata_fwd = 74.676022957
percentuale_matching_mappa_bwd = 93.004497931
percentuale_matching_mappa_fwd = 81.7723683865
area_intersezione_tra_stanza_originale_e_stanza_predetta = 18163.4987991
area_unione_tra_stanza_originale_e_stanza_predetta = 20321.1562458
IoU = 0.893822112258
area_stanza_GT_esplorata = 0.757323469833
area_mappa_GT_intersezione_contorno = 0.764030067162
IoU filtrato dal contorno = 0.651205897321
tocco bordo = False
IoU_filtrata_2 = 0.909197022477
