./data/OUTPUT/PARZIALI/battle_creekhs_1_updated120//./data/INPUT/IMGs/PARZIALI/battle_creekhs_1_updated120.png
n_configurazione = 58
perc_mappa_bwd = 93.5892119881%
perc_mappa_fwd = 82.4178341509%
perc_GT_bwd = 80.4185675095%
perc_GT_fwd = 70.8193179411%

------------------------
 informazioni stanza parziale
id_della_stanza_XML_GT = 39b7861e-1601-4895-a2bc-44b4cd8d571d
id_della_stanza_XML_predizione = 59d06435-6b2b-11e8-9773-080027eeca92
area_predetta = 3534.54808336
area_vera= 21059.4799312
area_vera_esplorata = 15134.6733554
percentuale_area_vera_esplorata = 71.8663205589
percentuale_area_totale_ambiente_esplorata_bwd = 80.4185675095
percentuale_area_totale_ambiente_esplorata_fwd = 70.8193179411
percentuale_matching_mappa_bwd = 93.5892119881
percentuale_matching_mappa_fwd = 82.4178341509
area_intersezione_tra_stanza_originale_e_stanza_predetta = 18467.8483814
area_unione_tra_stanza_originale_e_stanza_predetta = 21260.8529885
IoU = 0.86863158272
area_stanza_GT_esplorata = 0.735959736492
area_mappa_GT_intersezione_contorno = 0.726514130071
IoU filtrato dal contorno = 0.543744843214
tocco bordo = False
IoU_filtrata_2 = 0.871419703075
------------------------
 informazioni stanza parziale
id_della_stanza_XML_GT = 55fba560-3c63-4000-a9b0-bd7b6224e4a6
id_della_stanza_XML_predizione = 59d0643f-6b2b-11e8-9773-080027eeca92
area_predetta = 13315.2670618
area_vera= 11609.7360125
area_vera_esplorata = 18853.1341151
percentuale_area_vera_esplorata = 162.390721845
percentuale_area_totale_ambiente_esplorata_bwd = 80.4185675095
percentuale_area_totale_ambiente_esplorata_fwd = 70.8193179411
percentuale_matching_mappa_bwd = 93.5892119881
percentuale_matching_mappa_fwd = 82.4178341509
area_intersezione_tra_stanza_originale_e_stanza_predetta = 9963.34435451
area_unione_tra_stanza_originale_e_stanza_predetta = 33814.7928349
IoU = 0.294644548117
area_stanza_GT_esplorata = 0.806874329492
area_mappa_GT_intersezione_contorno = 0.726514130071
IoU filtrato dal contorno = 0.0719216032856
tocco bordo = False
IoU_filtrata_2 = 0.849837612978
