./data/OUTPUT/PARZIALI/battle_creekhs_1_updated90//./data/INPUT/IMGs/PARZIALI/battle_creekhs_1_updated90.png
n_configurazione = 6
perc_mappa_bwd = 93.887382081%
perc_mappa_fwd = 78.8747476326%
perc_GT_bwd = 66.7619989037%
perc_GT_fwd = 56.0867253753%

------------------------
 informazioni stanza parziale
id_della_stanza_XML_GT = 480c3c42-0e7e-483e-bd06-d5391c075842
id_della_stanza_XML_predizione = 8178157c-6b3c-11e8-9773-080027eeca92
area_predetta = 10643.3954304
area_vera= 39531.0275177
area_vera_esplorata = 68152.1549699
percentuale_area_vera_esplorata = 172.401678503
percentuale_area_totale_ambiente_esplorata_bwd = 66.7619989037
percentuale_area_totale_ambiente_esplorata_fwd = 56.0867253753
percentuale_matching_mappa_bwd = 93.887382081
percentuale_matching_mappa_fwd = 78.8747476326
area_intersezione_tra_stanza_originale_e_stanza_predetta = 39274.5355561
area_unione_tra_stanza_originale_e_stanza_predetta = 79052.0423619
IoU = 0.496818733364
area_stanza_GT_esplorata = 0.914615003245
area_mappa_GT_intersezione_contorno = 0.618197330174
IoU filtrato dal contorno = 0.295309748961
tocco bordo = False
IoU_filtrata_2 = 0.950895564795
------------------------
 informazioni stanza parziale
id_della_stanza_XML_GT = 185cb871-2be1-47fe-b987-97f9cd81f76c
id_della_stanza_XML_predizione = 81781578-6b3c-11e8-9773-080027eeca92
area_predetta = 2791.96209825
area_vera= 6877.45523341
area_vera_esplorata = 3349.41231771
percentuale_area_vera_esplorata = 48.7013321649
percentuale_area_totale_ambiente_esplorata_bwd = 66.7619989037
percentuale_area_totale_ambiente_esplorata_fwd = 56.0867253753
percentuale_matching_mappa_bwd = 93.887382081
percentuale_matching_mappa_fwd = 78.8747476326
area_intersezione_tra_stanza_originale_e_stanza_predetta = 5516.15692383
area_unione_tra_stanza_originale_e_stanza_predetta = 7502.67272555
IoU = 0.735225582351
area_stanza_GT_esplorata = 0.500009695799
area_mappa_GT_intersezione_contorno = 0.618197330174
IoU filtrato dal contorno = 0.551364906931
tocco bordo = False
IoU_filtrata_2 = 0.757932401591
