./data/OUTPUT/PARZIALI/battle_creekhs_1_updated90//./data/INPUT/IMGs/PARZIALI/battle_creekhs_1_updated90.png
n_configurazione = 19
perc_mappa_bwd = 92.2958411751%
perc_mappa_fwd = 76.4796229003%
perc_GT_bwd = 66.5272591016%
perc_GT_fwd = 55.1268575474%

------------------------
 informazioni stanza parziale
id_della_stanza_XML_GT = 480c3c42-0e7e-483e-bd06-d5391c075842
id_della_stanza_XML_predizione = 8178157c-6b3c-11e8-9773-080027eeca92
area_predetta = 10643.3954304
area_vera= 38998.0333172
area_vera_esplorata = 68152.1549699
percentuale_area_vera_esplorata = 174.757927959
percentuale_area_totale_ambiente_esplorata_bwd = 66.5272591016
percentuale_area_totale_ambiente_esplorata_fwd = 55.1268575474
percentuale_matching_mappa_bwd = 92.2958411751
percentuale_matching_mappa_fwd = 76.4796229003
area_intersezione_tra_stanza_originale_e_stanza_predetta = 38891.3935001
area_unione_tra_stanza_originale_e_stanza_predetta = 78902.1902175
IoU = 0.492906386919
area_stanza_GT_esplorata = 0.926498942287
area_mappa_GT_intersezione_contorno = 0.625923674148
IoU filtrato dal contorno = 0.261755690945
tocco bordo = False
IoU_filtrata_2 = 0.948483036235
------------------------
 informazioni stanza parziale
id_della_stanza_XML_GT = 185cb871-2be1-47fe-b987-97f9cd81f76c
id_della_stanza_XML_predizione = 81781578-6b3c-11e8-9773-080027eeca92
area_predetta = 2791.96209825
area_vera= 6784.72696442
area_vera_esplorata = 3349.41231771
percentuale_area_vera_esplorata = 49.3669433609
percentuale_area_totale_ambiente_esplorata_bwd = 66.5272591016
percentuale_area_totale_ambiente_esplorata_fwd = 55.1268575474
percentuale_matching_mappa_bwd = 92.2958411751
percentuale_matching_mappa_fwd = 76.4796229003
area_intersezione_tra_stanza_originale_e_stanza_predetta = 4537.5823904
area_unione_tra_stanza_originale_e_stanza_predetta = 8388.51898999
IoU = 0.540927712724
area_stanza_GT_esplorata = 0.564900452376
area_mappa_GT_intersezione_contorno = 0.625923674148
IoU filtrato dal contorno = 0.437033274697
tocco bordo = False
IoU_filtrata_2 = 0.629469252407
