./data/OUTPUT/PARZIALI/Valleceppi_P1_updated70//./data/INPUT/IMGs/PARZIALI/Valleceppi_P1_updated70.png
n_configurazione = 11
perc_mappa_bwd = 94.8784463653%
perc_mappa_fwd = 77.3310052951%
perc_GT_bwd = 59.7692077097%
perc_GT_fwd = 48.7150991079%

------------------------
 informazioni stanza parziale
id_della_stanza_XML_GT = c2eddf15-d5d9-4218-a80f-73fa5e29d9ea
id_della_stanza_XML_predizione = dc8fcdff-6aff-11e8-9773-080027eeca92
area_predetta = 21363.748569
area_vera= 44039.8157569
area_vera_esplorata = 44526.4977148
percentuale_area_vera_esplorata = 101.105095354
percentuale_area_totale_ambiente_esplorata_bwd = 59.7692077097
percentuale_area_totale_ambiente_esplorata_fwd = 48.7150991079
percentuale_matching_mappa_bwd = 94.8784463653
percentuale_matching_mappa_fwd = 77.3310052951
area_intersezione_tra_stanza_originale_e_stanza_predetta = 40598.154999
area_unione_tra_stanza_originale_e_stanza_predetta = 69331.9070416
IoU = 0.585562358391
area_stanza_GT_esplorata = 0.94758069685
area_mappa_GT_intersezione_contorno = 0.478085141777
IoU filtrato dal contorno = 0.0673260740695
tocco bordo = False
IoU_filtrata_2 = 0.921678754953
------------------------
 informazioni stanza parziale
id_della_stanza_XML_GT = ee4a0c0e-57fb-4760-b5ee-7be841a38d6e
id_della_stanza_XML_predizione = dc8fcdfb-6aff-11e8-9773-080027eeca92
area_predetta = 3223.93563141
area_vera= 21471.7478158
area_vera_esplorata = 2208.11520842
percentuale_area_vera_esplorata = 10.2838167967
percentuale_area_totale_ambiente_esplorata_bwd = 59.7692077097
percentuale_area_totale_ambiente_esplorata_fwd = 48.7150991079
percentuale_matching_mappa_bwd = 94.8784463653
percentuale_matching_mappa_fwd = 77.3310052951
area_intersezione_tra_stanza_originale_e_stanza_predetta = 5432.05083983
area_unione_tra_stanza_originale_e_stanza_predetta = 21471.7478158
IoU = 0.252985964927
area_stanza_GT_esplorata = 0.132921503886
area_mappa_GT_intersezione_contorno = 0.478085141777
IoU filtrato dal contorno = 0.167012078111
tocco bordo = True
IoU_filtrata_2 = 0.252985964927
------------------------
 informazioni stanza parziale
id_della_stanza_XML_GT = 104d40b1-bfca-440e-a184-35e548e21935
id_della_stanza_XML_predizione = dc8fce00-6aff-11e8-9773-080027eeca92
area_predetta = 26670.2257175
area_vera= 42813.8024665
area_vera_esplorata = 1921.10309912
percentuale_area_vera_esplorata = 4.48711160523
percentuale_area_totale_ambiente_esplorata_bwd = 59.7692077097
percentuale_area_totale_ambiente_esplorata_fwd = 48.7150991079
percentuale_matching_mappa_bwd = 94.8784463653
percentuale_matching_mappa_fwd = 77.3310052951
area_intersezione_tra_stanza_originale_e_stanza_predetta = 27075.5874777
area_unione_tra_stanza_originale_e_stanza_predetta = 44329.5438054
IoU = 0.610779745366
area_stanza_GT_esplorata = 0.0864367022775
area_mappa_GT_intersezione_contorno = 0.478085141777
IoU filtrato dal contorno = 0.576531482008
tocco bordo = False
IoU_filtrata_2 = 0.632403241895
