./data/OUTPUT/PARZIALI/battle_creekhs_2_updated100//./data/INPUT/IMGs/PARZIALI/battle_creekhs_2_updated100.png
n_configurazione = 13
perc_mappa_bwd = 89.6955446573%
perc_mappa_fwd = 83.7922656792%
perc_GT_bwd = 92.5029245421%
perc_GT_fwd = 86.414878899%

------------------------
 informazioni stanza parziale
id_della_stanza_XML_GT = df0e059d-da52-42c5-93d7-74a28da84054
id_della_stanza_XML_predizione = 6f675815-7922-11e8-95a4-080027eeca92
area_predetta = 3693.26997919
area_vera= 16854.3177807
area_vera_esplorata = 10818.4991188
percentuale_area_vera_esplorata = 64.1882944151
percentuale_area_totale_ambiente_esplorata_bwd = 92.5029245421
percentuale_area_totale_ambiente_esplorata_fwd = 86.414878899
percentuale_matching_mappa_bwd = 89.6955446573
percentuale_matching_mappa_fwd = 83.7922656792
area_intersezione_tra_stanza_originale_e_stanza_predetta = 13695.8655827
area_unione_tra_stanza_originale_e_stanza_predetta = 17670.221296
IoU = 0.775081723835
area_stanza_GT_esplorata = 0.673522217927
area_mappa_GT_intersezione_contorno = 0.815227698407
IoU filtrato dal contorno = 0.456821714674
tocco bordo = True
IoU_filtrata_2 = 0.775732291058
------------------------
 informazioni stanza parziale
id_della_stanza_XML_GT = 403a077c-ae69-4e6a-987a-4e6bfee74d16
id_della_stanza_XML_predizione = 6f67581a-7922-11e8-95a4-080027eeca92
area_predetta = 9317.20725036
area_vera= 11597.2487351
area_vera_esplorata = 1684.85605102
percentuale_area_vera_esplorata = 14.5280668675
percentuale_area_totale_ambiente_esplorata_bwd = 92.5029245421
percentuale_area_totale_ambiente_esplorata_fwd = 86.414878899
percentuale_matching_mappa_bwd = 89.6955446573
percentuale_matching_mappa_fwd = 83.7922656792
area_intersezione_tra_stanza_originale_e_stanza_predetta = 10049.8146738
area_unione_tra_stanza_originale_e_stanza_predetta = 12549.4973627
IoU = 0.800814118949
area_stanza_GT_esplorata = 0.195444403544
area_mappa_GT_intersezione_contorno = 0.815227698407
IoU filtrato dal contorno = 0.767660746169
tocco bordo = False
IoU_filtrata_2 = 0.800814118949
------------------------
 informazioni stanza parziale
id_della_stanza_XML_GT = 39f90a35-71f5-4d79-89fc-5b9916ef4860
id_della_stanza_XML_predizione = 6f67581e-7922-11e8-95a4-080027eeca92
area_predetta = 3201.57179883
area_vera= 16854.859607
area_vera_esplorata = 12327.6100846
percentuale_area_vera_esplorata = 73.1397969017
percentuale_area_totale_ambiente_esplorata_bwd = 92.5029245421
percentuale_area_totale_ambiente_esplorata_fwd = 86.414878899
percentuale_matching_mappa_bwd = 89.6955446573
percentuale_matching_mappa_fwd = 83.7922656792
area_intersezione_tra_stanza_originale_e_stanza_predetta = 13821.9845581
area_unione_tra_stanza_originale_e_stanza_predetta = 18562.0569323
IoU = 0.744636470433
area_stanza_GT_esplorata = 0.83077716988
area_mappa_GT_intersezione_contorno = 0.815227698407
IoU filtrato dal contorno = 0.352058576325
tocco bordo = True
IoU_filtrata_2 = 0.755337917493
