./data/OUTPUT/PARZIALI/south_mountain_school_2_updated240//./data/INPUT/IMGs/PARZIALI/south_mountain_school_2_updated240.png
n_configurazione = 16
perc_mappa_bwd = 91.4588177643%
perc_mappa_fwd = 85.317824424%
perc_GT_bwd = 87.7796838931%
perc_GT_fwd = 81.8857256353%

------------------------
 informazioni stanza parziale
id_della_stanza_XML_GT = 61134256-8252-41ee-9035-1436fdd5b61e
id_della_stanza_XML_predizione = a40ba902-7dfb-11e8-95a4-080027eeca92
area_predetta = 3742.67041713
area_vera= 55920.9589611
area_vera_esplorata = 49136.0748402
percentuale_area_vera_esplorata = 87.8670104252
percentuale_area_totale_ambiente_esplorata_bwd = 87.7796838931
percentuale_area_totale_ambiente_esplorata_fwd = 81.8857256353
percentuale_matching_mappa_bwd = 91.4588177643
percentuale_matching_mappa_fwd = 85.317824424
area_intersezione_tra_stanza_originale_e_stanza_predetta = 50210.3192214
area_unione_tra_stanza_originale_e_stanza_predetta = 58589.384997
IoU = 0.856986623498
area_stanza_GT_esplorata = 0.876558400162
area_mappa_GT_intersezione_contorno = 0.866539264605
IoU filtrato dal contorno = 0.393542952283
tocco bordo = False
IoU_filtrata_2 = 0.8978801536
