./data/OUTPUT/SCHOOL/south_mountain_school_1_updated//./data/INPUT/IMGs/SCHOOL/south_mountain_school_1_updated.png
accuracy_bc = 0.882959635513 +- 0.0937648002442
accuracy_bc_pixels = 0.940519767797
accuracy_fc = 0.876920608854 +- 0.0136476270385
accuracy_fc_pixels = 0.934648457139

