./data/OUTPUT/PARZIALI/battle_creekhs_2_updated70//./data/INPUT/IMGs/PARZIALI/battle_creekhs_2_updated70.png
n_configurazione = 6
perc_mappa_bwd = 85.3778587566%
perc_mappa_fwd = 72.2167389475%
perc_GT_bwd = 64.3850497347%
perc_GT_fwd = 54.4600016507%

------------------------
 informazioni stanza parziale
id_della_stanza_XML_GT = 39f90a35-71f5-4d79-89fc-5b9916ef4860
id_della_stanza_XML_predizione = 16783acd-7925-11e8-95a4-080027eeca92
area_predetta = 4289.00343797
area_vera= 18281.5657983
area_vera_esplorata = 15325.7212768
percentuale_area_vera_esplorata = 83.831557132
percentuale_area_totale_ambiente_esplorata_bwd = 64.3850497347
percentuale_area_totale_ambiente_esplorata_fwd = 54.4600016507
percentuale_matching_mappa_bwd = 85.3778587566
percentuale_matching_mappa_fwd = 72.2167389475
area_intersezione_tra_stanza_originale_e_stanza_predetta = 17346.3785825
area_unione_tra_stanza_originale_e_stanza_predetta = 20549.9119307
IoU = 0.844109631273
area_stanza_GT_esplorata = 0.800751641189
area_mappa_GT_intersezione_contorno = 0.597813840943
IoU filtrato dal contorno = 0.632905881104
tocco bordo = True
IoU_filtrata_2 = 0.847293213631
------------------------
 informazioni stanza parziale
id_della_stanza_XML_GT = 2131d157-c89d-40c5-b2f1-c76b3e24c740
id_della_stanza_XML_predizione = 16783ac2-7925-11e8-95a4-080027eeca92
area_predetta = 7001.67876348
area_vera= 23881.0758498
area_vera_esplorata = 25494.6907011
percentuale_area_vera_esplorata = 106.756876706
percentuale_area_totale_ambiente_esplorata_bwd = 64.3850497347
percentuale_area_totale_ambiente_esplorata_fwd = 54.4600016507
percentuale_matching_mappa_bwd = 85.3778587566
percentuale_matching_mappa_fwd = 72.2167389475
area_intersezione_tra_stanza_originale_e_stanza_predetta = 22116.1406142
area_unione_tra_stanza_originale_e_stanza_predetta = 34261.3047001
IoU = 0.645513672283
area_stanza_GT_esplorata = 0.946010614445
area_mappa_GT_intersezione_contorno = 0.597813840943
IoU filtrato dal contorno = 0.05973548939
tocco bordo = True
IoU_filtrata_2 = 0.871222469947
