./data/OUTPUT/PARZIALI/battle_creekhs_2_updated70//./data/INPUT/IMGs/PARZIALI/battle_creekhs_2_updated70.png
n_configurazione = 7
perc_mappa_bwd = 90.2886410447%
perc_mappa_fwd = 77.2504720055%
perc_GT_bwd = 55.070099603%
perc_GT_fwd = 47.1176787966%

------------------------
 informazioni stanza parziale
id_della_stanza_XML_GT = 39f90a35-71f5-4d79-89fc-5b9916ef4860
id_della_stanza_XML_predizione = 16783acd-7925-11e8-95a4-080027eeca92
area_predetta = 4289.00343797
area_vera= 22603.2256764
area_vera_esplorata = 15325.7212768
percentuale_area_vera_esplorata = 67.8032485109
percentuale_area_totale_ambiente_esplorata_bwd = 55.070099603
percentuale_area_totale_ambiente_esplorata_fwd = 47.1176787966
percentuale_matching_mappa_bwd = 90.2886410447
percentuale_matching_mappa_fwd = 77.2504720055
area_intersezione_tra_stanza_originale_e_stanza_predetta = 19611.2157886
area_unione_tra_stanza_originale_e_stanza_predetta = 22606.7346026
IoU = 0.86749440524
area_stanza_GT_esplorata = 0.689002150711
area_mappa_GT_intersezione_contorno = 0.498732103021
IoU filtrato dal contorno = 0.609835391044
tocco bordo = True
IoU_filtrata_2 = 0.867286449368
------------------------
 informazioni stanza parziale
id_della_stanza_XML_GT = 2131d157-c89d-40c5-b2f1-c76b3e24c740
id_della_stanza_XML_predizione = 16783ac2-7925-11e8-95a4-080027eeca92
area_predetta = 7001.67876348
area_vera= 29526.4285774
area_vera_esplorata = 25494.6907011
percentuale_area_vera_esplorata = 86.3453249492
percentuale_area_totale_ambiente_esplorata_bwd = 55.070099603
percentuale_area_totale_ambiente_esplorata_fwd = 47.1176787966
percentuale_matching_mappa_bwd = 90.2886410447
percentuale_matching_mappa_fwd = 77.2504720055
area_intersezione_tra_stanza_originale_e_stanza_predetta = 23553.4205409
area_unione_tra_stanza_originale_e_stanza_predetta = 38469.3775011
IoU = 0.61226414543
area_stanza_GT_esplorata = 0.81961761141
area_mappa_GT_intersezione_contorno = 0.498732103021
IoU filtrato dal contorno = 0.0848829268483
tocco bordo = True
IoU_filtrata_2 = 0.792509783394
